# T [GeV]  e [GeV/fm^3]  nB [1/fm^3]  s [1/fm^3]  P [GeV/fm^3]  cs^2
      1.00000000e-02   2.26998908e-10   0.00000000e+00  2.41713819e-08   1.47149113e-11   7.23113764e-02
      1.10000000e-02   9.40458888e-10   0.00000000e+00  9.15240975e-08   6.63061845e-11   7.84378376e-02
      1.20000000e-02   3.12182341e-09   0.00000000e+00  2.79935926e-07   2.37407701e-10   8.44681815e-02
      1.30000000e-02   8.73072192e-09   0.00000000e+00  7.26300237e-07   7.11181158e-10   9.03938483e-02
      1.40000000e-02   2.13258427e-08   0.00000000e+00  1.65539610e-06   1.84970260e-09   9.62084844e-02
      1.50000000e-02   4.67182510e-08   0.00000000e+00  3.40072791e-06   4.29266771e-09   1.01907378e-01
      1.60000000e-02   9.36383976e-08   0.00000000e+00  6.41953590e-06   9.07417685e-09   1.07487059e-01
      1.70000000e-02   1.74363619e-07   0.00000000e+00  1.13008654e-05   1.77510935e-08   1.12945014e-01
      1.80000000e-02   3.05267444e-07   0.00000000e+00  1.87668596e-05   3.25360278e-08   1.18279497e-01
      1.90000000e-02   5.07268558e-07   0.00000000e+00  2.96682724e-05   5.64286179e-08   1.23489389e-01
      2.00000000e-02   8.06171889e-07   0.00000000e+00  4.49755949e-05   9.33400078e-08   1.28574094e-01
      2.10000000e-02   1.23290528e-06   0.00000000e+00  6.57672449e-05   1.48206866e-07   1.33533452e-01
      2.20000000e-02   1.82366224e-06   0.00000000e+00  9.32161329e-05   2.27092683e-07   1.38367675e-01
      2.30000000e-02   2.61996522e-06   0.00000000e+00  1.28575674e-04   3.37275275e-07   1.43077279e-01
      2.40000000e-02   3.66866496e-06   0.00000000e+00  1.73166056e-04   4.87320381e-07   1.47663021e-01
      2.50000000e-02   5.02189140e-06   0.00000000e+00  2.28361332e-04   6.87141885e-07   1.52125843e-01
      2.60000000e-02   6.73697039e-06   0.00000000e+00  2.95577697e-04   9.48049722e-07   1.56466811e-01
      2.70000000e-02   8.87631867e-06   0.00000000e+00  3.76263163e-04   1.28278673e-06   1.60687070e-01
      2.80000000e-02   1.15073280e-05   0.00000000e+00  4.71888711e-04   1.70555590e-06   1.64787784e-01
      2.90000000e-02   1.47022474e-05   0.00000000e+00  5.83940932e-04   2.23203960e-06   1.68770104e-01
      3.00000000e-02   1.85380715e-05   0.00000000e+00  7.13916119e-04   2.87941203e-06   1.72635127e-01
      3.10000000e-02   2.30964404e-05   0.00000000e+00  8.63315710e-04   3.66634662e-06   1.76383867e-01
      3.20000000e-02   2.84635568e-05   0.00000000e+00  1.03364300e-03   4.61301936e-06   1.80017240e-01
      3.30000000e-02   3.47301243e-05   0.00000000e+00  1.22640103e-03   5.74110955e-06   1.83536048e-01
      3.40000000e-02   4.19913101e-05   0.00000000e+00  1.44309144e-03   7.07379889e-06   1.86940976e-01
      3.50000000e-02   5.03467338e-05   0.00000000e+00  1.68521439e-03   8.63576996e-06   1.90232596e-01
      3.60000000e-02   5.99004856e-05   0.00000000e+00  1.95426918e-03   1.04532050e-05   1.93411374e-01
      3.70000000e-02   7.07611735e-05   0.00000000e+00  2.25175565e-03   1.25537855e-05   1.96477684e-01
      3.80000000e-02   8.30420018e-05   0.00000000e+00  2.57917621e-03   1.49666942e-05   1.99431823e-01
      3.90000000e-02   9.68608805e-05   0.00000000e+00  2.93803843e-03   1.77226184e-05   2.02274031e-01
      4.00000000e-02   1.12340566e-04   0.00000000e+00  3.32985807e-03   2.08537568e-05   2.05004510e-01
      4.10000000e-02   1.29608832e-04   0.00000000e+00  3.75616248e-03   2.43938293e-05   2.07623447e-01
      4.20000000e-02   1.48798676e-04   0.00000000e+00  4.21849444e-03   2.83780907e-05   2.10131028e-01
      4.30000000e-02   1.70048546e-04   0.00000000e+00  4.71841614e-03   3.28433478e-05   2.12527462e-01
      4.40000000e-02   1.93502614e-04   0.00000000e+00  5.25751352e-03   3.78279812e-05   2.14812994e-01
      4.50000000e-02   2.19311061e-04   0.00000000e+00  5.83740071e-03   4.33719711e-05   2.16987923e-01
      4.60000000e-02   2.47630410e-04   0.00000000e+00  6.45972474e-03   4.95169278e-05   2.19052608e-01
      4.70000000e-02   2.78623876e-04   0.00000000e+00  7.12617027e-03   5.63061273e-05   2.21007483e-01
      4.80000000e-02   3.12461750e-04   0.00000000e+00  7.83846460e-03   6.37845508e-05   2.22853066e-01
      4.90000000e-02   3.49321821e-04   0.00000000e+00  8.59838268e-03   7.19989305e-05   2.24589956e-01
      5.00000000e-02   3.89389814e-04   0.00000000e+00  9.40775226e-03   8.09977993e-05   2.26218847e-01
      5.10000000e-02   4.32859876e-04   0.00000000e+00  1.02684593e-02   9.08315468e-05   2.27740523e-01
      5.20000000e-02   4.79935085e-04   0.00000000e+00  1.11824532e-02   1.01552479e-04   2.29155859e-01
      5.30000000e-02   5.30827993e-04   0.00000000e+00  1.21517525e-02   1.13214887e-04   2.30465823e-01
      5.40000000e-02   5.85761209e-04   0.00000000e+00  1.31784505e-02   1.25875116e-04   2.31671474e-01
      5.50000000e-02   6.44968018e-04   0.00000000e+00  1.42647211e-02   1.39591645e-04   2.32773958e-01
      5.60000000e-02   7.08693032e-04   0.00000000e+00  1.54128250e-02   1.54425169e-04   2.33774507e-01
      5.70000000e-02   7.77192890e-04   0.00000000e+00  1.66251154e-02   1.70438689e-04   2.34674436e-01
      5.80000000e-02   8.50736998e-04   0.00000000e+00  1.79040450e-02   1.87697611e-04   2.35475139e-01
      5.90000000e-02   9.29608308e-04   0.00000000e+00  1.92521721e-02   2.06269844e-04   2.36178090e-01
      6.00000000e-02   1.01410415e-03   0.00000000e+00  2.06721677e-02   2.26225910e-04   2.36784836e-01
      6.10000000e-02   1.10453711e-03   0.00000000e+00  2.21668225e-02   2.47639064e-04   2.37296997e-01
      6.20000000e-02   1.20123597e-03   0.00000000e+00  2.37390545e-02   2.70585413e-04   2.37716263e-01
      6.30000000e-02   1.30454668e-03   0.00000000e+00  2.53919163e-02   2.95144048e-04   2.38044392e-01
      6.40000000e-02   1.41483340e-03   0.00000000e+00  2.71286030e-02   3.21397185e-04   2.38283209e-01
      6.50000000e-02   1.53247965e-03   0.00000000e+00  2.89524609e-02   3.49430310e-04   2.38434600e-01
      6.60000000e-02   1.65788939e-03   0.00000000e+00  3.08669957e-02   3.79332331e-04   2.38500518e-01
      6.70000000e-02   1.79148834e-03   0.00000000e+00  3.28758819e-02   4.11195749e-04   2.38482974e-01
      6.80000000e-02   1.93372523e-03   0.00000000e+00  3.49829714e-02   4.45116827e-04   2.38384036e-01
      6.90000000e-02   2.08507322e-03   0.00000000e+00  3.71923042e-02   4.81195771e-04   2.38205832e-01
      7.00000000e-02   2.24603131e-03   0.00000000e+00  3.95081176e-02   5.19536927e-04   2.37950542e-01
      7.10000000e-02   2.41712591e-03   0.00000000e+00  4.19348575e-02   5.60248980e-04   2.37620399e-01
      7.20000000e-02   2.59891245e-03   0.00000000e+00  4.44771891e-02   6.03445170e-04   2.37217685e-01
      7.30000000e-02   2.79197709e-03   0.00000000e+00  4.71400083e-02   6.49243518e-04   2.36744729e-01
      7.40000000e-02   2.99693853e-03   0.00000000e+00  4.99284540e-02   6.97767059e-04   2.36203905e-01
      7.50000000e-02   3.21444991e-03   0.00000000e+00  5.28479201e-02   7.49144096e-04   2.35597624e-01
      7.60000000e-02   3.44520080e-03   0.00000000e+00  5.59040692e-02   8.03508457e-04   2.34928335e-01
      7.70000000e-02   3.68991933e-03   0.00000000e+00  5.91028455e-02   8.60999774e-04   2.34198523e-01
      7.80000000e-02   3.94937440e-03   0.00000000e+00  6.24504893e-02   9.21763767e-04   2.33410696e-01
      7.90000000e-02   4.22437802e-03   0.00000000e+00  6.59535516e-02   9.85952555e-04   2.32567389e-01
      8.00000000e-02   4.51578780e-03   0.00000000e+00  6.96189095e-02   1.05372497e-03   2.31671159e-01
      8.10000000e-02   4.82450948e-03   0.00000000e+00  7.34537821e-02   1.12524687e-03   2.30724573e-01
      8.20000000e-02   5.15149971e-03   0.00000000e+00  7.74657471e-02   1.20069156e-03   2.29730213e-01
      8.30000000e-02   5.49776888e-03   0.00000000e+00  8.16627582e-02   1.28024005e-03   2.28690663e-01
      8.40000000e-02   5.86438414e-03   0.00000000e+00  8.60531627e-02   1.36408153e-03   2.27608509e-01
      8.50000000e-02   6.25247252e-03   0.00000000e+00  9.06457209e-02   1.45241375e-03   2.26486330e-01
      8.60000000e-02   6.66322432e-03   0.00000000e+00  9.54496248e-02   1.54544342e-03   2.25326699e-01
      8.70000000e-02   7.09789647e-03   0.00000000e+00  1.00474519e-01   1.64338666e-03   2.24132171e-01
      8.80000000e-02   7.55781628e-03   0.00000000e+00  1.05730520e-01   1.74646949e-03   2.22905283e-01
      8.90000000e-02   8.04438519e-03   0.00000000e+00  1.11228241e-01   1.85492827e-03   2.21648547e-01
      9.00000000e-02   8.55908281e-03   0.00000000e+00  1.16978812e-01   1.96901024e-03   2.20364446e-01
      9.10000000e-02   9.10347104e-03   0.00000000e+00  1.22993902e-01   2.08897406e-03   2.19055430e-01
      9.20000000e-02   9.67919855e-03   0.00000000e+00  1.29285748e-01   2.21509029e-03   2.17723911e-01
      9.30000000e-02   1.02880053e-02   0.00000000e+00  1.35867176e-01   2.34764207e-03   2.16372259e-01
      9.40000000e-02   1.09317272e-02   0.00000000e+00  1.42751626e-01   2.48692565e-03   2.15002797e-01
      9.50000000e-02   1.16123015e-02   0.00000000e+00  1.49953185e-01   2.63325102e-03   2.13617801e-01
      9.60000000e-02   1.23317715e-02   0.00000000e+00  1.57486606e-01   2.78694263e-03   2.12219492e-01
      9.70000000e-02   1.30922925e-02   0.00000000e+00  1.65367345e-01   2.94834000e-03   2.10810037e-01
      9.80000000e-02   1.38961369e-02   0.00000000e+00  1.73611586e-01   3.11779848e-03   2.09391542e-01
      9.90000000e-02   1.47457009e-02   0.00000000e+00  1.82236271e-01   3.29568998e-03   2.07966052e-01
      1.00000000e-01   1.56435097e-02   0.00000000e+00  1.91259134e-01   3.48240374e-03   2.06535549e-01
      1.01000000e-01   1.65922249e-02   0.00000000e+00  2.00698733e-01   3.67834715e-03   2.05101950e-01
      1.02000000e-01   1.75946504e-02   0.00000000e+00  2.10574480e-01   3.88394658e-03   2.03667101e-01
      1.03000000e-01   1.86537398e-02   0.00000000e+00  2.20906680e-01   4.09964825e-03   2.02232781e-01
      1.04000000e-01   1.97726035e-02   0.00000000e+00  2.31716564e-01   4.32591915e-03   2.00800698e-01
      1.05000000e-01   2.09545159e-02   0.00000000e+00  2.43026323e-01   4.56324799e-03   1.99372488e-01
      1.06000000e-01   2.22029236e-02   0.00000000e+00  2.54859149e-01   4.81214614e-03   1.97949717e-01
      1.07000000e-01   2.35214532e-02   0.00000000e+00  2.67239270e-01   5.07314871e-03   1.96533875e-01
      1.08000000e-01   2.49139197e-02   0.00000000e+00  2.80191993e-01   5.34681554e-03   1.95126380e-01
      1.09000000e-01   2.63843350e-02   0.00000000e+00  2.93743737e-01   5.63373235e-03   1.93728578e-01
      1.10000000e-01   2.79369170e-02   0.00000000e+00  3.07922081e-01   5.93451187e-03   1.92341741e-01
      1.11000000e-01   2.95760989e-02   0.00000000e+00  3.22755801e-01   6.24979496e-03   1.90967070e-01
      1.12000000e-01   3.13065384e-02   0.00000000e+00  3.38274913e-01   6.58025192e-03   1.89605692e-01
      1.13000000e-01   3.31331278e-02   0.00000000e+00  3.54510721e-01   6.92658367e-03   1.88258665e-01
      1.14000000e-01   3.50610043e-02   0.00000000e+00  3.71495854e-01   7.28952312e-03   1.86926976e-01
      1.15000000e-01   3.70955600e-02   0.00000000e+00  3.89264317e-01   7.66983647e-03   1.85611543e-01
      1.16000000e-01   3.92424534e-02   0.00000000e+00  4.07851535e-01   8.06832466e-03   1.84313217e-01
      1.17000000e-01   4.15076196e-02   0.00000000e+00  4.27294396e-01   8.48582474e-03   1.83032784e-01
      1.18000000e-01   4.38972828e-02   0.00000000e+00  4.47631307e-01   8.92321145e-03   1.81770964e-01
      1.19000000e-01   4.64179672e-02   0.00000000e+00  4.68902234e-01   9.38139868e-03   1.80528413e-01
      1.20000000e-01   4.90765095e-02   0.00000000e+00  4.91148755e-01   9.86134110e-03   1.79305729e-01
      1.21000000e-01   5.18800712e-02   0.00000000e+00  5.14414107e-01   1.03640358e-02   1.78103450e-01
      1.22000000e-01   5.48361516e-02   0.00000000e+00  5.38743241e-01   1.08905239e-02   1.76922055e-01
      1.23000000e-01   5.79526003e-02   0.00000000e+00  5.64182868e-01   1.14418924e-02   1.75761970e-01
      1.24000000e-01   6.12376314e-02   0.00000000e+00  5.90781511e-01   1.20192759e-02   1.74623567e-01
      1.25000000e-01   6.46998365e-02   0.00000000e+00  6.18589560e-01   1.26238585e-02   1.73507168e-01
      1.26000000e-01   6.83481991e-02   0.00000000e+00  6.47659323e-01   1.32568756e-02   1.72413045e-01
      1.27000000e-01   7.21921091e-02   0.00000000e+00  6.78045078e-01   1.39196158e-02   1.71341424e-01
      1.28000000e-01   7.62413771e-02   0.00000000e+00  7.09803127e-01   1.46134232e-02   1.70292486e-01
      1.29000000e-01   8.05062498e-02   0.00000000e+00  7.42991851e-01   1.53396990e-02   1.69266371e-01
      1.30000000e-01   8.49974252e-02   0.00000000e+00  7.77671762e-01   1.60999039e-02   1.68263179e-01
      1.31000000e-01   8.97260682e-02   0.00000000e+00  8.13905562e-01   1.68955604e-02   1.67282971e-01
      1.32000000e-01   9.47038265e-02   0.00000000e+00  8.51758191e-01   1.77282546e-02   1.66325771e-01
      1.33000000e-01   9.99428473e-02   0.00000000e+00  8.91296888e-01   1.85996388e-02   1.65391573e-01
      1.34000000e-01   1.05455793e-01   0.00000000e+00  9.32591245e-01   1.95114336e-02   1.64480337e-01
      1.35000000e-01   1.11255860e-01   0.00000000e+00  9.75713260e-01   2.04654305e-02   1.63591992e-01
      1.36000000e-01   1.17356792e-01   0.00000000e+00  1.02073740e+00   2.14634941e-02   1.62726443e-01
      1.37000000e-01   1.23772902e-01   0.00000000e+00  1.06774064e+00   2.25075649e-02   1.61883566e-01
      1.38000000e-01   1.30519088e-01   0.00000000e+00  1.11680253e+00   2.35996616e-02   1.61063215e-01
      1.39000000e-01   1.37610850e-01   0.00000000e+00  1.16800528e+00   2.47418836e-02   1.60265222e-01
      1.40000000e-01   1.45064310e-01   0.00000000e+00  1.22143375e+00   2.59364140e-02   1.59489397e-01
      1.41000000e-01   1.52896230e-01   0.00000000e+00  1.27717555e+00   2.71855222e-02   1.58735532e-01
      1.42000000e-01   1.61124030e-01   0.00000000e+00  1.33532110e+00   2.84915663e-02   1.58003404e-01
      1.43000000e-01   1.69765808e-01   0.00000000e+00  1.39596367e+00   2.98569967e-02   1.57292771e-01
      1.44000000e-01   1.78840359e-01   0.00000000e+00  1.45919943e+00   3.12843580e-02   1.56603380e-01
      1.45000000e-01   1.88367196e-01   0.00000000e+00  1.52512751e+00   3.27762929e-02   1.55934963e-01
      1.46000000e-01   1.98366568e-01   0.00000000e+00  1.59385008e+00   3.43355445e-02   1.55287242e-01
      1.47000000e-01   2.08859478e-01   0.00000000e+00  1.66547237e+00   3.59649596e-02   1.54659930e-01
      1.48000000e-01   2.19867709e-01   0.00000000e+00  1.74010271e+00   3.76674919e-02   1.54052729e-01
      1.49000000e-01   2.31413840e-01   0.00000000e+00  1.81785265e+00   3.94462049e-02   1.53465334e-01
      1.50000000e-01   2.43521268e-01   0.00000000e+00  1.89883695e+00   4.13042753e-02   1.52897433e-01
      1.51000000e-01   2.56214227e-01   0.00000000e+00  1.98317367e+00   4.32449962e-02   1.52348711e-01
      1.52000000e-01   2.69517814e-01   0.00000000e+00  2.07098418e+00   4.52717805e-02   1.51818846e-01
      1.53000000e-01   2.83458004e-01   0.00000000e+00  2.16239326e+00   4.73881641e-02   1.51307511e-01
      1.54000000e-01   2.98061676e-01   0.00000000e+00  2.25752912e+00   4.95978093e-02   1.50814379e-01
      1.55000000e-01   3.13356631e-01   0.00000000e+00  2.35652348e+00   5.19045084e-02   1.50339120e-01
      1.56000000e-01   3.29371617e-01   0.00000000e+00  2.45951157e+00   5.43121874e-02   1.49881401e-01
      1.57000000e-01   3.46136350e-01   0.00000000e+00  2.56663222e+00   5.68249091e-02   1.49440890e-01
      1.58000000e-01   3.63681533e-01   0.00000000e+00  2.67802791e+00   5.94468768e-02   1.49017254e-01
      1.59000000e-01   3.82038882e-01   0.00000000e+00  2.79384479e+00   6.21824386e-02   1.48610162e-01
      1.60000000e-01   4.01241146e-01   0.00000000e+00  2.91423272e+00   6.50360901e-02   1.48219281e-01
      1.61000000e-01   4.21322129e-01   0.00000000e+00  3.03934539e+00   6.80124789e-02   1.47844282e-01
      1.62000000e-01   4.42316713e-01   0.00000000e+00  3.16934026e+00   7.11164082e-02   1.47484838e-01
      1.63000000e-01   4.64260883e-01   0.00000000e+00  3.30437867e+00   7.43528405e-02   1.47140622e-01
      1.64000000e-01   4.87191745e-01   0.00000000e+00  3.44462589e+00   7.77269018e-02   1.46811311e-01
      1.65000000e-01   5.11147550e-01   0.00000000e+00  3.59025112e+00   8.12438849e-02   1.46496587e-01
      1.66000000e-01   5.36167720e-01   0.00000000e+00  3.74142755e+00   8.49092544e-02   1.46196131e-01
      1.67000000e-01   5.62292865e-01   0.00000000e+00  3.89833242e+00   8.87286495e-02   1.45909632e-01
      1.68000000e-01   5.89564810e-01   0.00000000e+00  4.06114702e+00   9.27078891e-02   1.45636780e-01
      1.69000000e-01   6.18026619e-01   0.00000000e+00  4.23005677e+00   9.68529752e-02   1.45377270e-01
      1.70000000e-01   6.47722611e-01   0.00000000e+00  4.40525123e+00   1.01170097e-01   1.45130802e-01
      1.71000000e-01   6.78698390e-01   0.00000000e+00  4.58692413e+00   1.05665637e-01   1.44897078e-01
      1.72000000e-01   7.11000864e-01   0.00000000e+00  4.77527346e+00   1.10346171e-01   1.44675807e-01
      1.73000000e-01   7.44678268e-01   0.00000000e+00  4.97050142e+00   1.15218477e-01   1.44466701e-01
      1.74000000e-01   7.79780190e-01   0.00000000e+00  5.17281451e+00   1.20289536e-01   1.44269479e-01
      1.75000000e-01   8.16357588e-01   0.00000000e+00  5.38242357e+00   1.25566538e-01   1.44083862e-01
      1.76000000e-01   8.54462817e-01   0.00000000e+00  5.59954377e+00   1.31056886e-01   1.43909578e-01
      1.77000000e-01   8.94149653e-01   0.00000000e+00  5.82439466e+00   1.36768202e-01   1.43746359e-01
      1.78000000e-01   9.35473308e-01   0.00000000e+00  6.05720020e+00   1.42708327e-01   1.43593942e-01
      1.79000000e-01   9.78490464e-01   0.00000000e+00  6.29818879e+00   1.48885330e-01   1.43452070e-01
      1.80000000e-01   1.02325928e+00   0.00000000e+00  6.54759330e+00   1.55307510e-01   1.43320489e-01
      1.81000000e-01   1.06983944e+00   0.00000000e+00  6.80565107e+00   1.61983401e-01   1.43198952e-01
      1.82000000e-01   1.11829214e+00   0.00000000e+00  7.07260396e+00   1.68921777e-01   1.43087216e-01
      1.83000000e-01   1.16868015e+00   0.00000000e+00  7.34869837e+00   1.76131656e-01   1.42985045e-01
      1.84000000e-01   1.22106778e+00   0.00000000e+00  7.63418526e+00   1.83622305e-01   1.42892204e-01
      1.85000000e-01   1.27552098e+00   0.00000000e+00  7.92932014e+00   1.91403243e-01   1.42808467e-01
      1.86000000e-01   1.33210730e+00   0.00000000e+00  8.23436316e+00   1.99484248e-01   1.42733611e-01
      1.87000000e-01   1.39089592e+00   0.00000000e+00  8.54957904e+00   2.07875360e-01   1.42667417e-01
      1.88000000e-01   1.45195770e+00   0.00000000e+00  8.87523717e+00   2.16586887e-01   1.42609674e-01
      1.89000000e-01   1.51536518e+00   0.00000000e+00  9.21161157e+00   2.25629406e-01   1.42560171e-01
      1.90000000e-01   1.58119260e+00   0.00000000e+00  9.55898092e+00   2.35013775e-01   1.42518707e-01
      1.91000000e-01   1.64951593e+00   0.00000000e+00  9.91762859e+00   2.44751128e-01   1.42485081e-01
      1.92000000e-01   1.72041290e+00   0.00000000e+00  1.02878426e+01   2.54852887e-01   1.42459100e-01
      1.93000000e-01   1.79396298e+00   0.00000000e+00  1.06699158e+01   2.65330766e-01   1.42440574e-01
      1.94000000e-01   1.87024746e+00   0.00000000e+00  1.10641455e+01   2.76196771e-01   1.42429317e-01
      1.95000000e-01   1.94934942e+00   0.00000000e+00  1.14708340e+01   2.87463210e-01   1.42425148e-01
      1.96000000e-01   2.03135379e+00   0.00000000e+00  1.18902882e+01   2.99142694e-01   1.42427890e-01
      1.97000000e-01   2.11634734e+00   0.00000000e+00  1.23228197e+01   3.11248145e-01   1.42437371e-01
      1.98000000e-01   2.20441870e+00   0.00000000e+00  1.27687449e+01   3.23792798e-01   1.42453423e-01
      1.99000000e-01   2.29565840e+00   0.00000000e+00  1.32283850e+01   3.36790207e-01   1.42475880e-01
      2.00000000e-01   2.39015890e+00   0.00000000e+00  1.37020657e+01   3.50254248e-01   1.42475880e-01
