      211 
      111 
     -211 
      321 
     -321 
      311 
     -311 
      221 
      213 
      113 
     -213 
      223 
      323 
     -323 
      313 
     -313 
     2212 
    -2212 
     2112 
    -2112 
      331 
  9010221 
  9000211 
  9000111 
 -9000211 
      333 
     3122 
    -3122 
    10223 
     3222 
    -3222 
     3212 
    -3212 
     3112 
    -3112 
    10213 
    10113 
   -10213 
    20213 
    20113 
   -20213 
     2224 
    -2224 
     2214 
    -2214 
     2114 
    -2114 
     1114 
    -1114 
    10323 
   -10323 
    10313 
   -10313 
      225 
    20223 
   100221 
   100211 
   100111 
  -100211 
     3322 
    -3322 
     3312 
    -3312 
      215 
      115 
     -215 
  9000213 
  9000113 
 -9000213 
     3224 
    -3224 
     3214 
    -3214 
     3114 
    -3114 
    10221 
    20323 
   -20323 
    20313 
   -20313 
    13122 
   -13122 
   100323 
  -100323 
   100313 
  -100313 
  9020221 
    10321 
   -10321 
    10311 
   -10311 
   100223 
    20333 
      325 
     -325 
      315 
     -315 
    12212 
   -12212 
    12112 
   -12112 
   100213 
   100113 
  -100213 
    10211 
    10111 
   -10211 
   100331 
  9030221 
     3124 
    -3124 
     2124 
    -2124 
     1214 
    -1214 
      335 
     3324 
    -3324 
     3314 
    -3314 
    22212 
   -22212 
    22112 
   -22112 
    32224 
   -32224 
    32214 
   -32214 
    32114 
   -32114 
    31114 
   -31114 
    23122 
   -23122 
    10225 
     2222 
    -2222 
     2122 
    -2122 
     1212 
    -1212 
     1112 
    -1112 
  9010213 
  9010113 
 -9010213 
    32212 
   -32212 
    32112 
   -32112 
    13222 
   -13222 
    13212 
   -13212 
    13112 
   -13112 
    30223 
      227 
    33122 
   -33122 
    13224 
   -13224 
    13214 
   -13214 
    13114 
   -13114 
    10215 
    10115 
   -10215 
     3334 
    -3334 
     2216 
    -2216 
     2116 
    -2116 
   100333 
    12216 
   -12216 
    12116 
   -12116 
      217 
      117 
     -217 
    13124 
   -13124 
    13322 
   -13322 
    13312 
   -13312 
    22124 
   -22124 
    21214 
   -21214 
    12224 
   -12224 
    12214 
   -12214 
    12114 
   -12114 
    11114 
   -11114 
    42212 
   -42212 
    42112 
   -42112 
    10331 
    30323 
   -30323 
    30313 
   -30313 
    30213 
    30113 
   -30213 
    32124 
   -32124 
    31214 
   -31214 
    23222 
   -23222 
    23212 
   -23212 
    23112 
   -23112 
    10325 
   -10325 
    10315 
   -10315 
     3226 
    -3226 
     3216 
    -3216 
     3116 
    -3116 
      327 
     -327 
      317 
     -317 
    43122 
   -43122 
    53122 
   -53122 
  9010211 
  9010111 
 -9010211 
    20325 
   -20325 
    20315 
   -20315 
     3126 
    -3126 
    13324 
   -13324 
    13314 
   -13314 
    13126 
   -13126 
      337 
    23124 
   -23124 
     2226 
    -2226 
     2126 
    -2126 
     1216 
    -1216 
     1116 
    -1116 
    22222 
   -22222 
    22122 
   -22122 
    21212 
   -21212 
    21112 
   -21112 
    13226 
   -13226 
    13216 
   -13216 
    13116 
   -13116 
    22224 
   -22224 
    22214 
   -22214 
    22114 
   -22114 
    21114 
   -21114 
     2228 
    -2228 
     2218 
    -2218 
     2118 
    -2118 
     1118 
    -1118 
    23224 
   -23224 
    23214 
   -23214 
    23114 
   -23114 
  9050225 
    23324 
   -23324 
    23314 
   -23314 
    12226 
   -12226 
    12126 
   -12126 
    11216 
   -11216 
    11116 
   -11116 
  9060225 
    13334 
   -13334 
