111
113
115
117
119
211
213
215
217
219
221
223
225
227
229
311
313
315
317
319
321
323
325
327
329
331
333
335
337
411
413
415
421
423
425
431
433
435
441
443
445
511
513
515
521
523
525
531
533
535
541
553
555
1112
1114
1116
1118
1212
1214
1216
1218
2112
2114
2116
2118
2122
2124
2126
2128
2212
2214
2216
2218
2222
2224
2226
2228
3112
3114
3116
3118
3122
3124
3126
3128
3212
3214
3216
3218
3222
3224
3226
3228
3312
3314
3322
3324
3334
4112
4114
4122
4132
4212
4214
4222
4224
4232
4312
4314
4322
4324
4332
4334
5112
5114
5122
5132
5212
5214
5222
5224
5232
5332
10111
10113
10115
10211
10213
10215
10221
10223
10225
10311
10313
10315
10321
10323
10325
10331
10411
10421
10423
10431
10433
10441
10443
10551
10553
11114
11116
11216
12112
12114
12116
12126
12212
12214
12216
12224
12226
13112
13114
13116
13122
13124
13126
13212
13214
13216
13222
13224
13226
13314
13324
14122
20113
20213
20223
20313
20315
20323
20325
20333
20433
20443
20553
21112
21114
21212
21214
22112
22114
22122
22124
22212
22214
22222
22224
23112
23114
23122
23124
23126
23212
23214
23222
23224
30113
30213
30223
30313
30323
30443
31214
32112
32124
32212
33122
42112
42212
43122
53122
100111
100113
100211
100213
100221
100223
100313
100323
100331
100333
100441
100443
100553
103316
103326
200553
203312
203316
203322
203326
203338
9000111
9000113
9000211
9000213
9000221
9010111
9010113
9010211
9010213
9010221
9020221
9030221
9050225
9060225
9080225
9090225
9902114
9902118
9902214
9902218
9903118
19903129
9903218
9903228
9912114
9912214
9922114
19922119
9922214
19922219
19932119
19932219
1000010020
-211
-213
-215
-217
-219
-311
-313
-315
-317
-319
-321
-323
-325
-327
-329
-411
-413
-415
-421
-423
-425
-431
-433
-435
-511
-513
-515
-521
-523
-525
-531
-533
-535
-541
-10211
-10213
-10215
-10311
-10313
-10315
-10321
-10323
-10325
-10411
-10421
-10423
-10431
-10433
-20213
-20313
-20315
-20323
-20325
-20433
-30213
-30313
-30323
-100211
-100213
-100313
-100323
-9000211
-9000213
-9010211
-9010213
