9060225
10213
-9010213
-3312
3312
-12214
12214
-9962112
9962112
-12216
12216
-22224
22224
10111
-9922114
9922114
-9902114
9902114
-9903218
9903218
-317
30113
-9912214
9912214
-23222
23222
-327
-321
9030221
-9932214
9932214
-22124
22124
10113
-22214
22214
-2124
2124
-2212
2212
100223
331
100331
-1118
1118
-23112
23112
-2112
2112
10315
-12226
12226
-2122
2122
30323
-32212
32212
217
-32124
32124
-9922216
9922216
10211
-20313
-1216
1216
-13222
13222
-9922116
9922116
-11216
11216
100323
-12122
12122
-22112
22112
-203316
203316
221
-313
9020221
-211
20313
9010111
313
-2128
2128
100213
-13124
13124
-19922219
19922219
-10211
-203312
203312
-103316
103316
-3334
3334
-11112
11112
-1114
1114
9090225
20325
10331
119
-12116
12116
-13314
13314
-2214
2214
-2224
2224
317
9010221
-11212
11212
-11116
11116
100221
-10313
-23114
23114
-325
329
-311
-22212
22212
-2228
2228
-13216
13216
-3116
3116
327
-20213
9000113
9010211
10221
-9972112
9972112
-13116
13116
30313
211
-12114
12114
-9902214
9902214
-3324
3324
225
219
-315
-9000211
-53122
53122
-1212
1212
-31214
31214
215
-30213
-9902218
9902218
-9952212
9952212
20315
-21112
21112
-42112
42112
-9912114
9912114
-9902118
9902118
-3114
3114
-12112
12112
-23214
23214
-19903129
19903129
-13212
13212
-20315
9010213
-19922119
19922119
100313
10313
-13126
13126
-329
-100211
-3126
3126
-9922214
9922214
20323
-23212
23212
311
100113
-3222
3222
-215
115
-30313
10311
9000221
111
10325
-2118
2118
323
-23122
23122
-2126
2126
20333
20113
-3216
3216
10323
-3322
3322
-1214
1214
-203322
203322
-9952112
9952112
-20325
117
-12222
12222
20213
-3112
3112
-9903228
9903228
10225
-203338
203338
-13324
13324
-2226
2226
227
-13226
13226
213
-10321
-10323
229
9050225
325
-22122
22122
-3218
3218
-32112
32112
-3224
3224
-103326
103326
-3314
3314
-2114
2114
-1112
1112
-3128
3128
100111
-1218
1218
-23126
23126
-20323
-10213
9000111
-9972212
9972212
-3228
3228
-217
-3214
3214
-21212
21212
-2116
2116
-42212
42212
10321
-13114
13114
10215
9000213
30213
333
315
-12126
12126
-11114
11114
-9962212
9962212
-10215
-30323
-3226
3226
-1116
1116
-100323
-12224
12224
-10311
-10315
-19932219
19932219
-9000213
-13214
13214
-22114
22114
-2222
2222
-23124
23124
-12212
12212
-23224
23224
-21114
21114
-22222
22222
-203326
203326
9080225
-323
9000211
113
337
-3124
3124
-9010211
-3212
3212
9010113
-13122
13122
-19932119
19932119
30223
-13112
13112
-9903118
9903118
-33122
33122
-43122
43122
100211
-9932114
9932114
10115
321
-13224
13224
-3118
3118
-3122
3122
-100313
-10325
-219
-21214
21214
100333
335
-319
319
-2218
2218
223
-100213
-213
20223
-2216
2216
10223
