  -4.0079750e+00
  -3.9779250e+00
  -3.9359700e+00
  -3.8703550e+00
  -3.7814600e+00
  -3.6698250e+00
  -3.5361200e+00
  -3.3811450e+00
  -3.2058350e+00
  -3.0112450e+00
  -2.7985500e+00
  -2.5690250e+00
  -2.3240450e+00
  -2.0650850e+00
  -1.7937100e+00
  -1.5115500e+00
  -1.2202950e+00
  -9.2170000e-01
  -6.1756300e-01
  -3.0971300e-01
   0.0000000e+00
   3.0971300e-01
   6.1756300e-01
   9.2170000e-01
   1.2202950e+00
   1.5115500e+00
   1.7937100e+00
   2.0650850e+00
   2.3240450e+00
   2.5690250e+00
   2.7985500e+00
   3.0112450e+00
   3.2058350e+00
   3.3811450e+00
   3.5361200e+00
   3.6698250e+00
   3.7814600e+00
   3.8703550e+00
   3.9359700e+00
   3.9779250e+00
   4.0079750e+00
