  2112
  2212
 12112
 12212
  1214
  2124
 22112
 22212
 32112
 32212
  2116
  2216
 12116
 12216
 21214
 22124
 42112
 42212
 31214
 32124
  1218
  2128
  1114
  2114
  2214
  2224
 31114
 32114
 32214
 32224
  1112
  1212
  2122
  2222
 11114
 12114
 12214
 12224
 11112
 11212
 12122
 12222
  1116
  1216
  2126
  2226
 21112
 21212
 22122
 22222
 21114
 22114
 22214
 22224
 11116
 11216
 12126
 12226
  1118
  2118
  2218
  2228
  3122
 13122
  3124
 23122
 33122
 13124
 43122
 53122
  3126
 13126
 23124
  3128
 23126
  3112
  3212
  3222
  3114
  3214
  3224
 13112
 13212
 13222
 13114
 13214
 13224
 23112
 23212
 23222
  3116
  3216
  3226
 13116
 13216
 13226
 23114
 23214
 23224
  3118
  3218
  3228
  3312
  3322
  3314
  3324
 13314
 13324
  3334
  -211
   111
   211
   221
   223
  -213
   113
   213
 10221
   311
   321
   331
   313
   323
   333
 10313
 10323
-10211
 10111
 10211
 20221
 10313
 10323
-20213
 20113
 20213
 20223
 40223
   315
   325
  -215
   115
   215
   225
   335
 20313
 20323
-10213
 10113
 10213
 10223
 30313
 30323
-40213
 40113
 40213
 50223
 10333
 40313
 40323
-30213
 30113
 30213
 60223
   337
-2112
-2212
-12112
-12212
-1214
-2124
-22112
-22212
-32112
-32212
-2116
-2216
-12116
-12216
-21214
-22124
-42112
-42212
-31214
-32124
-1218
-2128
-1114
-2114
-2214
-2224
-31114
-32114
-32214
-32224
-1112
-1212
-2122
-2222
-11114
-12114
-12214
-12224
-11112
-11212
-12122
-12222
-1116
-1216
-2126
-2226
-21112
-21212
-22122
-22222
-21114
-22114
-22214
-22224
-11116
-11216
-12126
-12226
-1118
-2118
-2218
-2228
-3122
-13122
-3124
-23122
-33122
-13124
-43122
-53122
-3126
-13126
-23124
-3128
-23126
-3112
-3212
-3222
-3114
-3214
-3224
-13112
-13212
-13222
-13114
-13214
-13224
-23112
-23212
-23222
-3116
-3216
-3226
-13116
-13216
-13226
-23114
-23214
-23224
-3118
-3218
-3228
-3312
-3322
-3314
-3324
-13314
-13324
-3334
