111
113
115
211
-211
213
-213
215
-215
221
223
225
-311
311
-313
313
-315
315
-321
321
-323
323
-325
325
331
333
335
337
1112
-1112
1114
-1114
1116
-1116
1118
-1118
1212
-1212
1214
-1214
1216
-1216
2112
-2112
2114
-2114
2116
-2116
2118
-2118
2122
-2122
2124
-2124
2126
-2126
2212
-2212
2214
-2214
2216
-2216
2218
-2218
2222
-2222
2224
-2224
2226
-2226
2228
-2228
3112
-3112
3114
-3114
3116
-3116
3122
-3122
3124
-3124
3126
-3126
3212
-3212
3214
-3214
3216
-3216
3222
-3222
3224
-3224
3226
-3226
3312
-3312
3314
-3314
3322
-3322
3324
-3324
-3334
3334
10111
10113
-10211
10211
-10213
10213
10221
10223
10313
-10313
10323
-10323
-11114
11114
-11116
11116
-11216
11216
-12112
12112
-12114
12114
-12116
12116
-12126
12126
-12212
12212
-12214
12214
-12216
12216
-12224
12224
-12226
12226
-13112
13112
-13114
13114
-13116
13116
-13122
13122
-13124
13124
-13126
13126
-13212
13212
-13214
13214
-13216
13216
-13222
13222
-13224
13224
-13226
13226
13314
-13314
13324
-13324
20113
20213
-20213
20223
-20313
20313
-20323
20323
21112
-21112
21114
-21114
21212
-21212
21214
-21214
22112
-22112
22114
-22114
22122
-22122
22124
-22124
22212
-22212
22214
-22214
22222
-22222
22224
-22224
23112
-23112
23114
-23114
23122
-23122
23124
-23124
23212
-23212
23214
-23214
23222
-23222
23224
-23224
30113
30213
-30213
30313
-30313
30323
-30323
-31114
31114
-31214
31214
-32112
32112
-32114
32114
-32124
32124
-32212
32212
-32214
32214
-32224
32224
-33122
33122
42112
-42112
42212
-42212
43122
-43122
-53122
53122
