   0.000   0.000    0.5718E+00    0.0000E+00    0.0000E+00    0.1225E+03
   0.000   0.000    0.5718E+00    0.0000E+00    0.0000E+00    0.1225E+03
   0.020   0.004    0.5717E+00    0.1788E-04    0.1788E-04    0.1225E+03
   0.040   0.008    0.5716E+00    0.3549E-04    0.3549E-04    0.1225E+03
   0.060   0.011    0.5715E+00    0.6865E-04    0.6865E-04    0.1225E+03
   0.080   0.015    0.5714E+00    0.1271E-03    0.1271E-03    0.1225E+03
   0.100   0.019    0.5713E+00    0.2006E-03    0.2006E-03    0.1225E+03
   0.120   0.023    0.5712E+00    0.3061E-03    0.3061E-03    0.1225E+03
   0.140   0.026    0.5711E+00    0.4279E-03    0.4279E-03    0.1225E+03
   0.160   0.030    0.5710E+00    0.5462E-03    0.5462E-03    0.1225E+03
   0.180   0.034    0.5709E+00    0.6965E-03    0.6965E-03    0.1225E+03
   0.200   0.038    0.5708E+00    0.8762E-03    0.8762E-03    0.1225E+03
   0.220   0.041    0.5707E+00    0.1089E-02    0.1089E-02    0.1225E+03
   0.240   0.045    0.5705E+00    0.1321E-02    0.1321E-02    0.1225E+03
   0.260   0.048    0.5704E+00    0.1580E-02    0.1580E-02    0.1225E+03
   0.280   0.052    0.5702E+00    0.1863E-02    0.1863E-02    0.1225E+03
   0.300   0.055    0.5701E+00    0.2171E-02    0.2171E-02    0.1225E+03
   0.320   0.059    0.5699E+00    0.2493E-02    0.2493E-02    0.1225E+03
   0.340   0.062    0.5697E+00    0.2838E-02    0.2838E-02    0.1225E+03
   0.360   0.066    0.5695E+00    0.3212E-02    0.3212E-02    0.1225E+03
   0.380   0.069    0.5693E+00    0.3613E-02    0.3613E-02    0.1225E+03
   0.400   0.073    0.5690E+00    0.4041E-02    0.4041E-02    0.1225E+03
   0.420   0.076    0.5688E+00    0.4493E-02    0.4493E-02    0.1225E+03
   0.440   0.079    0.5686E+00    0.4970E-02    0.4970E-02    0.1225E+03
   0.460   0.083    0.5683E+00    0.5472E-02    0.5472E-02    0.1225E+03
   0.480   0.086    0.5680E+00    0.5999E-02    0.5999E-02    0.1225E+03
   0.500   0.089    0.5677E+00    0.6552E-02    0.6552E-02    0.1225E+03
   0.520   0.093    0.5674E+00    0.7128E-02    0.7128E-02    0.1225E+03
   0.540   0.096    0.5671E+00    0.7734E-02    0.7734E-02    0.1225E+03
   0.560   0.099    0.5667E+00    0.8369E-02    0.8369E-02    0.1225E+03
   0.580   0.102    0.5664E+00    0.9030E-02    0.9030E-02    0.1225E+03
   0.600   0.106    0.5660E+00    0.9715E-02    0.9715E-02    0.1225E+03
   0.620   0.109    0.5656E+00    0.1043E-01    0.1043E-01    0.1225E+03
   0.640   0.112    0.5652E+00    0.1117E-01    0.1117E-01    0.1225E+03
   0.660   0.115    0.5647E+00    0.1193E-01    0.1193E-01    0.1225E+03
   0.680   0.118    0.5643E+00    0.1272E-01    0.1272E-01    0.1225E+03
   0.700   0.121    0.5638E+00    0.1354E-01    0.1354E-01    0.1225E+03
   0.720   0.124    0.5633E+00    0.1438E-01    0.1438E-01    0.1225E+03
   0.740   0.127    0.5628E+00    0.1525E-01    0.1525E-01    0.1225E+03
   0.760   0.131    0.5623E+00    0.1614E-01    0.1614E-01    0.1225E+03
   0.780   0.134    0.5618E+00    0.1706E-01    0.1706E-01    0.1225E+03
   0.800   0.137    0.5612E+00    0.1800E-01    0.1800E-01    0.1225E+03
   0.820   0.140    0.5606E+00    0.1897E-01    0.1897E-01    0.1225E+03
   0.840   0.143    0.5600E+00    0.1997E-01    0.1997E-01    0.1225E+03
   0.860   0.146    0.5594E+00    0.2099E-01    0.2099E-01    0.1225E+03
   0.880   0.149    0.5588E+00    0.2204E-01    0.2204E-01    0.1225E+03
   0.900   0.151    0.5581E+00    0.2310E-01    0.2310E-01    0.1225E+03
   0.920   0.154    0.5575E+00    0.2419E-01    0.2419E-01    0.1225E+03
   0.940   0.157    0.5568E+00    0.2530E-01    0.2530E-01    0.1225E+03
   0.960   0.160    0.5561E+00    0.2643E-01    0.2643E-01    0.1225E+03
   0.980   0.163    0.5553E+00    0.2759E-01    0.2759E-01    0.1225E+03
   1.000   0.166    0.5546E+00    0.2877E-01    0.2877E-01    0.1225E+03
   1.020   0.169    0.5538E+00    0.2997E-01    0.2997E-01    0.1225E+03
   1.040   0.172    0.5530E+00    0.3119E-01    0.3119E-01    0.1225E+03
   1.060   0.174    0.5522E+00    0.3243E-01    0.3243E-01    0.1225E+03
   1.080   0.177    0.5514E+00    0.3369E-01    0.3369E-01    0.1225E+03
   1.100   0.180    0.5506E+00    0.3497E-01    0.3497E-01    0.1225E+03
   1.120   0.183    0.5497E+00    0.3626E-01    0.3626E-01    0.1225E+03
   1.140   0.186    0.5489E+00    0.3756E-01    0.3756E-01    0.1225E+03
   1.160   0.188    0.5480E+00    0.3888E-01    0.3888E-01    0.1225E+03
   1.180   0.191    0.5471E+00    0.4021E-01    0.4021E-01    0.1225E+03
   1.200   0.194    0.5461E+00    0.4156E-01    0.4156E-01    0.1225E+03
   1.220   0.197    0.5452E+00    0.4291E-01    0.4291E-01    0.1225E+03
   1.240   0.199    0.5442E+00    0.4428E-01    0.4428E-01    0.1225E+03
   1.260   0.202    0.5433E+00    0.4565E-01    0.4565E-01    0.1225E+03
   1.280   0.205    0.5423E+00    0.4703E-01    0.4703E-01    0.1225E+03
   1.300   0.207    0.5413E+00    0.4842E-01    0.4842E-01    0.1225E+03
   1.320   0.210    0.5403E+00    0.4982E-01    0.4982E-01    0.1225E+03
   1.340   0.213    0.5392E+00    0.5122E-01    0.5122E-01    0.1225E+03
   1.360   0.215    0.5382E+00    0.5263E-01    0.5263E-01    0.1225E+03
   1.380   0.218    0.5371E+00    0.5405E-01    0.5405E-01    0.1225E+03
   1.400   0.221    0.5360E+00    0.5547E-01    0.5547E-01    0.1225E+03
   1.420   0.223    0.5349E+00    0.5689E-01    0.5689E-01    0.1225E+03
   1.440   0.226    0.5338E+00    0.5832E-01    0.5832E-01    0.1225E+03
   1.460   0.229    0.5327E+00    0.5975E-01    0.5975E-01    0.1225E+03
   1.480   0.231    0.5315E+00    0.6119E-01    0.6119E-01    0.1225E+03
   1.500   0.234    0.5304E+00    0.6262E-01    0.6262E-01    0.1225E+03
   1.520   0.237    0.5292E+00    0.6405E-01    0.6405E-01    0.1225E+03
   1.540   0.239    0.5280E+00    0.6549E-01    0.6549E-01    0.1225E+03
   1.560   0.242    0.5268E+00    0.6692E-01    0.6692E-01    0.1225E+03
   1.580   0.244    0.5255E+00    0.6836E-01    0.6836E-01    0.1225E+03
   1.600   0.247    0.5243E+00    0.6979E-01    0.6979E-01    0.1225E+03
   1.620   0.249    0.5230E+00    0.7122E-01    0.7122E-01    0.1225E+03
   1.640   0.252    0.5218E+00    0.7264E-01    0.7264E-01    0.1225E+03
   1.660   0.255    0.5205E+00    0.7407E-01    0.7407E-01    0.1225E+03
   1.680   0.257    0.5192E+00    0.7549E-01    0.7549E-01    0.1225E+03
   1.700   0.260    0.5178E+00    0.7691E-01    0.7691E-01    0.1225E+03
   1.720   0.262    0.5165E+00    0.7833E-01    0.7833E-01    0.1225E+03
   1.740   0.265    0.5152E+00    0.7975E-01    0.7975E-01    0.1225E+03
   1.760   0.267    0.5138E+00    0.8117E-01    0.8117E-01    0.1225E+03
   1.780   0.270    0.5124E+00    0.8259E-01    0.8259E-01    0.1225E+03
   1.800   0.272    0.5110E+00    0.8400E-01    0.8400E-01    0.1225E+03
   1.820   0.275    0.5096E+00    0.8540E-01    0.8540E-01    0.1225E+03
   1.840   0.277    0.5082E+00    0.8681E-01    0.8681E-01    0.1225E+03
   1.860   0.280    0.5068E+00    0.8821E-01    0.8821E-01    0.1225E+03
   1.880   0.282    0.5054E+00    0.8961E-01    0.8961E-01    0.1225E+03
   1.900   0.285    0.5039E+00    0.9100E-01    0.9100E-01    0.1225E+03
   1.920   0.287    0.5024E+00    0.9239E-01    0.9239E-01    0.1225E+03
   1.940   0.289    0.5010E+00    0.9377E-01    0.9377E-01    0.1225E+03
   1.960   0.292    0.4995E+00    0.9513E-01    0.9513E-01    0.1225E+03
   1.980   0.294    0.4980E+00    0.9649E-01    0.9649E-01    0.1225E+03
   2.000   0.297    0.4964E+00    0.9784E-01    0.9784E-01    0.1225E+03
   2.020   0.299    0.4949E+00    0.9918E-01    0.9918E-01    0.1225E+03
   2.040   0.301    0.4934E+00    0.1005E+00    0.1005E+00    0.1225E+03
   2.060   0.304    0.4918E+00    0.1018E+00    0.1018E+00    0.1225E+03
   2.080   0.306    0.4902E+00    0.1031E+00    0.1031E+00    0.1225E+03
   2.100   0.308    0.4887E+00    0.1044E+00    0.1044E+00    0.1225E+03
   2.120   0.311    0.4871E+00    0.1057E+00    0.1057E+00    0.1225E+03
   2.140   0.313    0.4855E+00    0.1070E+00    0.1070E+00    0.1225E+03
   2.160   0.315    0.4838E+00    0.1083E+00    0.1083E+00    0.1225E+03
   2.180   0.317    0.4822E+00    0.1095E+00    0.1095E+00    0.1225E+03
   2.200   0.320    0.4806E+00    0.1108E+00    0.1108E+00    0.1225E+03
   2.220   0.322    0.4789E+00    0.1120E+00    0.1120E+00    0.1225E+03
   2.240   0.324    0.4773E+00    0.1132E+00    0.1132E+00    0.1225E+03
   2.260   0.326    0.4756E+00    0.1145E+00    0.1145E+00    0.1225E+03
   2.280   0.328    0.4739E+00    0.1157E+00    0.1157E+00    0.1225E+03
   2.300   0.331    0.4722E+00    0.1168E+00    0.1168E+00    0.1225E+03
   2.320   0.333    0.4705E+00    0.1180E+00    0.1180E+00    0.1225E+03
   2.340   0.335    0.4688E+00    0.1192E+00    0.1192E+00    0.1225E+03
   2.360   0.337    0.4671E+00    0.1204E+00    0.1204E+00    0.1225E+03
   2.380   0.339    0.4654E+00    0.1215E+00    0.1215E+00    0.1225E+03
   2.400   0.341    0.4636E+00    0.1226E+00    0.1226E+00    0.1225E+03
   2.420   0.344    0.4619E+00    0.1238E+00    0.1238E+00    0.1225E+03
   2.440   0.346    0.4601E+00    0.1249E+00    0.1249E+00    0.1225E+03
   2.460   0.348    0.4584E+00    0.1260E+00    0.1260E+00    0.1225E+03
   2.480   0.350    0.4566E+00    0.1271E+00    0.1271E+00    0.1225E+03
   2.500   0.352    0.4548E+00    0.1282E+00    0.1282E+00    0.1225E+03
   2.520   0.354    0.4530E+00    0.1292E+00    0.1292E+00    0.1225E+03
   2.540   0.356    0.4512E+00    0.1303E+00    0.1303E+00    0.1225E+03
   2.560   0.358    0.4494E+00    0.1313E+00    0.1313E+00    0.1225E+03
   2.580   0.360    0.4476E+00    0.1324E+00    0.1324E+00    0.1225E+03
   2.600   0.362    0.4458E+00    0.1334E+00    0.1334E+00    0.1225E+03
   2.620   0.364    0.4440E+00    0.1344E+00    0.1344E+00    0.1225E+03
   2.640   0.366    0.4421E+00    0.1354E+00    0.1354E+00    0.1225E+03
   2.660   0.368    0.4403E+00    0.1364E+00    0.1364E+00    0.1225E+03
   2.680   0.370    0.4384E+00    0.1374E+00    0.1374E+00    0.1225E+03
   2.700   0.372    0.4366E+00    0.1384E+00    0.1384E+00    0.1225E+03
   2.720   0.374    0.4347E+00    0.1393E+00    0.1393E+00    0.1225E+03
   2.740   0.376    0.4328E+00    0.1403E+00    0.1403E+00    0.1225E+03
   2.760   0.378    0.4309E+00    0.1413E+00    0.1413E+00    0.1225E+03
   2.780   0.379    0.4290E+00    0.1422E+00    0.1422E+00    0.1225E+03
   2.800   0.381    0.4272E+00    0.1431E+00    0.1431E+00    0.1225E+03
   2.820   0.383    0.4253E+00    0.1441E+00    0.1441E+00    0.1225E+03
   2.840   0.385    0.4234E+00    0.1450E+00    0.1450E+00    0.1225E+03
   2.860   0.387    0.4214E+00    0.1459E+00    0.1459E+00    0.1225E+03
   2.880   0.389    0.4195E+00    0.1468E+00    0.1468E+00    0.1225E+03
   2.900   0.391    0.4176E+00    0.1477E+00    0.1477E+00    0.1225E+03
   2.920   0.392    0.4157E+00    0.1486E+00    0.1486E+00    0.1225E+03
   2.940   0.394    0.4138E+00    0.1494E+00    0.1494E+00    0.1225E+03
   2.960   0.396    0.4118E+00    0.1503E+00    0.1503E+00    0.1225E+03
   2.980   0.398    0.4099E+00    0.1512E+00    0.1512E+00    0.1225E+03
   3.000   0.399    0.4079E+00    0.1520E+00    0.1520E+00    0.1225E+03
   3.020   0.401    0.4060E+00    0.1529E+00    0.1529E+00    0.1225E+03
   3.040   0.403    0.4041E+00    0.1537E+00    0.1537E+00    0.1225E+03
   3.060   0.405    0.4021E+00    0.1545E+00    0.1545E+00    0.1225E+03
   3.080   0.406    0.4001E+00    0.1554E+00    0.1554E+00    0.1225E+03
   3.100   0.408    0.3982E+00    0.1562E+00    0.1562E+00    0.1225E+03
   3.120   0.410    0.3962E+00    0.1570E+00    0.1570E+00    0.1225E+03
   3.140   0.411    0.3942E+00    0.1578E+00    0.1578E+00    0.1225E+03
   3.160   0.413    0.3923E+00    0.1586E+00    0.1586E+00    0.1225E+03
   3.180   0.415    0.3903E+00    0.1594E+00    0.1594E+00    0.1225E+03
   3.200   0.416    0.3883E+00    0.1602E+00    0.1602E+00    0.1225E+03
   3.220   0.418    0.3863E+00    0.1610E+00    0.1610E+00    0.1225E+03
   3.240   0.420    0.3843E+00    0.1618E+00    0.1618E+00    0.1225E+03
   3.260   0.421    0.3824E+00    0.1625E+00    0.1625E+00    0.1225E+03
   3.280   0.423    0.3804E+00    0.1633E+00    0.1633E+00    0.1225E+03
   3.300   0.424    0.3784E+00    0.1641E+00    0.1641E+00    0.1225E+03
   3.320   0.426    0.3764E+00    0.1648E+00    0.1648E+00    0.1225E+03
   3.340   0.428    0.3744E+00    0.1656E+00    0.1656E+00    0.1225E+03
   3.360   0.429    0.3724E+00    0.1663E+00    0.1663E+00    0.1225E+03
   3.380   0.431    0.3704E+00    0.1670E+00    0.1670E+00    0.1225E+03
   3.400   0.432    0.3684E+00    0.1678E+00    0.1678E+00    0.1225E+03
   3.420   0.434    0.3664E+00    0.1685E+00    0.1685E+00    0.1225E+03
   3.440   0.435    0.3644E+00    0.1692E+00    0.1692E+00    0.1225E+03
   3.460   0.437    0.3624E+00    0.1699E+00    0.1699E+00    0.1225E+03
   3.480   0.438    0.3604E+00    0.1706E+00    0.1706E+00    0.1225E+03
   3.500   0.440    0.3584E+00    0.1713E+00    0.1713E+00    0.1225E+03
   3.520   0.441    0.3564E+00    0.1720E+00    0.1720E+00    0.1225E+03
   3.540   0.443    0.3544E+00    0.1727E+00    0.1727E+00    0.1225E+03
   3.560   0.444    0.3524E+00    0.1734E+00    0.1734E+00    0.1225E+03
