          0.63000000          1.19165864          0.08088896         -0.18939505         -0.07999788         -1.17651172         -0.01197343
          0.63000000          1.37310635          0.09892943          0.03501534         -0.04693998          1.37265982          0.08708427
          0.63000000          1.33595344          0.04907882         -0.10000000         -0.02386245          1.33220554          0.04288723
          0.63000000          1.23995893          0.08008725         -0.18939505         -0.07949903         -1.22540918         -0.00968869
          0.63000000          1.46767727          0.09111468          0.13501534         -0.03731478          1.46145388          0.08312335
          0.63000000          4.36974588          0.15882213         -0.10000000         -0.08770328         -4.36860150         -0.13241074
          0.63000000          4.39656056          0.07666095          0.00594854         -0.04838235         -4.39655654         -0.05946469
          0.63000000          4.50020992          0.22991664          0.04346610         -0.17888215         -4.50000000         -0.14443974
          0.63000000          4.66450999          0.16704650          0.13751756         -0.13056052         -4.66248242         -0.10420406
          0.70824555          1.20475838          0.18038791         -0.19493625         -0.17828374         -1.18888293         -0.02747192
          0.73000000          1.37493360          0.20740706          0.04637300         -0.09839578          1.37415136          0.18258137
          0.73000000          1.31807624          0.24818734         -0.10000000         -0.12162775          1.31427736          0.21634151
          0.70824555          1.22923354          0.17869207         -0.19493625         -0.17711993         -1.21367828         -0.02365140
          0.73000000          1.45118831          0.23745806          0.14637300         -0.08987067          1.44378754          0.21979443
          0.73000000          4.35831456          0.39152068         -0.10000000         -0.22089326         -4.35716717         -0.32325627
          0.73000000          4.39731721          0.21240500          0.00427784         -0.13202574         -4.39731513         -0.16638837
          0.73000000          4.50033406          0.45910883          0.05483315         -0.34783028         -4.50000000         -0.29965817
          0.73000000          4.65301793          0.34497899          0.15055531         -0.25613213         -4.65058157         -0.23109919
          0.83000000          1.37160430          0.24651792          0.05980425         -0.11750121          1.37029990          0.21671306
          0.83000000          1.29853151          0.33310877         -0.10000000         -0.16778296          1.29467528          0.28776785
          0.83000000          1.43673279          0.30019649          0.15980425         -0.11717156          1.42781782          0.27638516
          0.83176776          4.35975185          0.44178435         -0.08203696         -0.25565083         -4.35897994         -0.36029996
          0.79961293          4.39893409          0.28541427          0.00172490         -0.17494099         -4.39893375         -0.22551486
          0.86627960          4.40342534          0.34082911         -0.00339493         -0.20709978         -4.40342403         -0.27069201
          0.83176776          4.48232470          0.41757756          0.04922257         -0.29565646         -4.48205442         -0.29488688
          0.83000000          4.64450359          0.35064640          0.16023454         -0.24651116         -4.64173874         -0.24936949
          0.93000000          1.36692619          0.29256179          0.07355800         -0.14173752          1.36494557          0.25593530
          0.93000000          1.28024727          0.29651844         -0.10000000         -0.15753805          1.27633580          0.25120699
          0.93000000          1.42686059          0.31856369          0.17355800         -0.13641379          1.41626578          0.28787863
          0.93000000          4.34681512          0.46282374         -0.10898558         -0.26996210         -4.34544863         -0.37593387
          0.93000000          4.40902480          0.38305977         -0.00898558         -0.23144545         -4.40901564         -0.30523399
          0.93000000          4.50952737          0.39118154          0.06793379         -0.26699001         -4.50901564         -0.28590091
          0.93000000          4.63631496          0.32357442          0.16793379         -0.21981325         -4.63327257         -0.23745008
          1.06001054          1.20976415          0.26506188         -0.19278489         -0.16056842          1.19430452          0.21089235
          1.03000000          1.36124122          0.32661176          0.08798456         -0.16230720          1.35839478          0.28342833
          1.02800632          1.25401770          0.29707075         -0.11567093         -0.16742780          1.24867154          0.24539552
          1.03000000          1.41936853          0.33954048          0.18798456         -0.15496866          1.40686489          0.30211331
          1.03000000          4.34575029          0.47068499         -0.11562935         -0.27770343         -4.34421171         -0.38003310
          1.03000000          4.41554012          0.42607030         -0.01562935         -0.25455913         -4.41551246         -0.34166585
          1.03000000          4.51613997          0.40237475          0.07528239         -0.26272668         -4.51551246         -0.30476242
          1.03000000          4.62819723          0.33478375          0.17528239         -0.21861764         -4.62487683         -0.25354780
          1.13000000          1.19805032          0.28433385         -0.18047434         -0.17651929          1.18437899          0.22290509
          1.12604317          1.36361954          0.34999821          0.11817814         -0.17672710          1.35848894          0.30210310
          1.13000000          1.25301236          0.32028494         -0.08047434         -0.18527313          1.25042547          0.26125908
          1.09007195          1.41541631          0.35129548          0.19696357         -0.16501367          1.40164499          0.31012740
          1.13000000          4.34540733          0.47762096         -0.11995486         -0.28425334         -4.34375134         -0.38382525
          1.13000000          4.41956153          0.45119464         -0.01995486         -0.26593898         -4.41951648         -0.36449014
          1.13000000          4.52025713          0.41597238          0.08182508         -0.25927356         -4.51951648         -0.32528487
          1.13000000          4.62088348          0.35263581          0.18182508         -0.21892313         -4.61730482         -0.27645014
          1.23000000          1.18077285          0.30599470         -0.16223692         -0.19670834          1.16957416          0.23438982
          1.23000000          1.33549294          0.36015053          0.10000000         -0.19163428          1.33174374          0.30493394
          1.23000000          1.24201516          0.33446956         -0.06223692         -0.20034019          1.24045485          0.26783147
          1.23000000          4.34429869          0.48115758         -0.12165075         -0.28820904         -4.34259510         -0.38528971
          1.23000000          4.42097436          0.46451027         -0.02165075         -0.26960012         -4.42092135         -0.37826653
          1.23000000          4.52177112          0.42892532          0.08766000         -0.25461898         -4.52092135         -0.34517547
          1.23000000          4.61472823          0.37393833          0.18766000         -0.21840889         -4.61091101         -0.30352501
          1.33000000          1.16179389          0.32015153         -0.14148271         -0.21274264          1.15314686          0.23924375
          1.33000000          1.31307536          0.36178457          0.10000000         -0.20041941          1.30926197          0.30119784
          1.33000000          1.22833553          0.34270843         -0.04148271         -0.21220663          1.22763486          0.26910484
          1.33000000          4.34119908          0.48006172         -0.11999377         -0.28884694         -4.33954041         -0.38344061
          1.33000000          4.41926990          0.46953174         -0.01999377         -0.26794440         -4.41922467         -0.38557211
          1.33000000          4.52019393          0.43894635          0.09360316         -0.24783928         -4.51922467         -0.36228385
          1.33000000          4.60932430          0.39407410          0.19360316         -0.21500633         -4.60525660         -0.33025243
          1.43000000          1.14024636          0.32670432         -0.11627399         -0.22359508          1.13430248          0.23820359
          1.43000000          1.28333216          0.35485549          0.10000000         -0.20536180          1.27943012          0.28939411
          1.43000000          1.21108065          0.34375190         -0.01627399         -0.21956438          1.21097130          0.26449357
          1.43000000          4.33497379          0.47379520         -0.11401415         -0.28579911         -4.33347419         -0.37788988
          1.43000000          4.41353083          0.46780871         -0.01401415         -0.26202837         -4.41350858         -0.38753855
          1.42838198          4.53091224          0.43930563          0.11869866         -0.23406373         -4.52935717         -0.37175745
          1.39396996          4.60592528          0.40557199          0.19783109         -0.21141229         -4.60167475         -0.34611195
          1.57977940          1.01964587          0.31109675         -0.19985360         -0.24239116          0.99986811          0.19500696
          1.54918401          1.18491660          0.33551369          0.02054101         -0.22001219          1.18473854          0.25330628
          1.53114837          1.10501895          0.32395739         -0.10068848         -0.22982119          1.10042206          0.22832129
          1.52151040          1.24469722          0.34259822          0.09232461         -0.20841487          1.24126844          0.27191319
          1.48251734          1.20103278          0.34237042         -0.00152337         -0.22194576          1.20103182          0.26068675
          1.53439025          4.33832624          0.46185681         -0.08392500         -0.27383983         -4.33751440         -0.37191862
          1.57065041          4.39810281          0.45648327          0.00265766         -0.24854809         -4.39810201         -0.38288487
          1.50398374          4.40634303          0.46303537         -0.00654167         -0.25550609         -4.40633817         -0.38615851
          1.53439025          4.47794100          0.45006106          0.08159460         -0.23423678         -4.47719756         -0.38430208
          1.63000000          1.00099598          0.30894988         -0.18147045         -0.24257505          0.98440918          0.19133053
          1.63000000          1.16317964          0.32288225          0.05251311         -0.21393369          1.16199365          0.24183739
          1.63000000          1.06511405          0.31495577         -0.08147045         -0.23088862          1.06199365          0.21421387
          1.63000000          1.23729350          0.32598785          0.15251311         -0.19765617          1.22785787          0.25922986
          1.67851472          4.20419733          0.43794422         -0.19938885         -0.29906333         -4.19946654         -0.31993166
          1.63910883          4.28068370          0.44562312         -0.11963331         -0.27831193         -4.27901166         -0.34802648
          1.63000000          4.39024366          0.44856695          0.01343699         -0.24173491         -4.39022309         -0.37785784
          1.63000000          4.48109951          0.44189130          0.11343699         -0.21725596         -4.47966348         -0.38479575
          1.73000000          0.96052986          0.29941286         -0.13887887         -0.23829895          0.95043688          0.18127789
          1.77292544          1.01720172          0.35819821         -0.19860499         -0.35349493         -0.99762487         -0.05785582
          1.73024650          1.14149395          0.30152648          0.10968588         -0.19976575          1.13621189          0.22585805
          1.73000000          1.02937864          0.29991922         -0.03887887         -0.22431599          1.02864417          0.19908259
          1.77292544          1.02151101          0.35845513         -0.19860499         -0.35390617         -1.00201836         -0.05692542
          1.69707750          1.22370682          0.31165742          0.18280980         -0.18999430          1.20997478          0.24704759
          1.73000000          4.19335068          0.42896184         -0.18739360         -0.29344957         -4.18916144         -0.31288274
          1.73000000          4.27442009          0.43063490         -0.08739360         -0.26468864         -4.27352658         -0.33968565
          1.73000000          4.37367353          0.43298040          0.03585160         -0.22871448         -4.37352658         -0.36764346
          1.73000000          4.46301362          0.43098575          0.13585160         -0.20118653         -4.46094552         -0.38114655
          1.87114207          0.80928943          0.27886843         -0.18888733         -0.24220120          0.78693770          0.13822511
          1.85571431          0.97684599          0.27290762          0.02379850         -0.20805238          0.97655605          0.17661477
          1.83009486          0.90436639          0.28187167         -0.09930941         -0.22903331          0.89889721          0.16430271
          1.83000000          1.00731072          0.35784809         -0.19384021         -0.35365683         -0.98848412         -0.05460858
          1.82542859          1.06046892          0.27888585          0.09427910         -0.19703003          1.05626974          0.19737397
          1.78904764          1.00698626          0.28834583         -0.00973149         -0.21796086          1.00693923          0.18877601
          1.83000000          1.02566350          0.35908975         -0.19384021         -0.35546911         -1.00718002         -0.05086415
          1.83000000          4.16972097          0.41101845         -0.16069627         -0.28178413         -4.16662329         -0.29922210
          1.83000000          4.25154511          0.41205167         -0.06069627         -0.25186660         -4.25111183         -0.32611316
          1.83000000          4.35160219          0.41409141          0.06532556         -0.21322903         -4.35111183         -0.35497193
          1.83000000          4.43702692          0.41509713          0.16532556         -0.18266177         -4.43394580         -0.37274697
          1.93000000          0.75635093          0.26216827         -0.15037133         -0.23090508          0.74125244          0.12415733
          1.93000000          0.94127147          0.25459909          0.06311162         -0.19579357          0.93915330          0.16274389
          1.93000000          0.84066374          0.25786697         -0.05037133         -0.21459073          0.83915330          0.14299018
          1.93000000          0.98662472          0.35607553         -0.18613452         -0.35270888         -0.96890778         -0.04884908
          1.93000000          1.03977787          0.25426087          0.16311162         -0.17879040          1.02690439          0.18078325
          1.93000000          1.03050645          0.35934233         -0.18613452         -0.35715600         -1.01355685         -0.03957905
          1.93000000          4.14140334          0.39154803         -0.12745549         -0.26842736         -4.13944160         -0.28505545
          1.93000000          4.22319247          0.39201650         -0.02745549         -0.23741058         -4.22310322         -0.31195056
          1.92993009          4.33466944          0.39457970          0.11273416         -0.19264919         -4.33320323         -0.34435364
          1.89655015          4.41614325          0.40315784          0.18789027         -0.16988960         -4.41214442         -0.36561423
          2.07511353          0.27180797          0.22433397         -0.19591679         -0.22407733          0.18840431          0.01072761
          2.06413581          0.35214777          0.22396463         -0.18441272         -0.22220564          0.30000000          0.02801443
          2.04346608          0.52409779          0.23072848         -0.15709390         -0.22112275          0.50000000          0.06588142
          2.05542065          0.76442032          0.22750740          0.02339824         -0.19423711          0.76406213          0.11845490
          2.01815394          0.68806955          0.23798017         -0.08554973         -0.21337758          0.68273051          0.10537822
          2.02054725          0.89817596          0.23386288          0.10854095         -0.18232840          0.89159347          0.14645204
          1.98875398          0.80906495          0.24273640         -0.01160777         -0.20414129          0.80898168          0.13132895
          2.03000000          0.94601836          0.35042781         -0.17939791         -0.34744684         -0.92885259         -0.04561083
          1.98567384          1.02302493          0.24124368          0.19368366         -0.17046409          1.00452309          0.17070591
          2.03000000          1.03274815          0.35865226         -0.17939791         -0.35763575         -1.01704727         -0.02698357
          2.07392264          1.60928589          0.37483771         -0.19845207         -0.31467136         -1.59700278          0.20367926
          2.07392264          1.61568285          0.37434137         -0.19845207         -0.31388951         -1.60344874          0.20397263
          2.07250506          4.00019674          0.37089927         -0.19533308         -0.28771607         -3.99542475         -0.23406352
          2.03031885          4.10286092          0.37383489         -0.10074066         -0.25878903         -4.10162396         -0.26977910
          2.05479931          4.18678118          0.37105346          0.01823362         -0.22084960         -4.18674147         -0.29817130
          1.98813264          4.20516634          0.38097070         -0.00614824         -0.22909529         -4.20516184         -0.30439124
          2.02487959          4.26243760          0.37702957          0.09094017         -0.19707676         -4.26146737         -0.32142191
          2.13860959          0.21211441          0.22901876         -0.17948230         -0.22884972          0.11304258          0.00879768
          2.17768265          0.19867020          0.24114417         -0.19865446         -0.24113174         -0.00250114          0.00244862
          2.13000000          0.32521371          0.21536663         -0.12555459         -0.21329424          0.30000000          0.02980522
          2.16796621          0.57079502          0.20517585          0.01014010         -0.19081790          0.57070494          0.07540333
          2.13277972          0.50551751          0.21148668         -0.05584907         -0.20167162          0.50242296          0.06368024
          2.13277972          0.70054465          0.21156679          0.05429707         -0.18522880          0.69843728          0.10222915
          2.10129954          0.63127100          0.21811823         -0.02615836         -0.19891185          0.63072880          0.08949658
          2.14680668          0.79269992          0.32767370         -0.16583332         -0.32197783         -0.77515964         -0.06083035
          2.13000000          0.85259558          0.21317207          0.16026627         -0.16927464          0.83739712          0.12957017
          2.12008401          0.89434252          0.33839515         -0.15859519         -0.33528308         -0.88016822         -0.04578792
          2.13000000          1.03380104          0.35752241         -0.17386900         -0.35729465         -1.01907515         -0.01275968
          2.13000000          1.59788386          0.37463877         -0.19232661         -0.31755262         -1.58626710          0.19878264
          2.13000000          1.63148979          0.37209440         -0.19232661         -0.31357631         -1.62011401          0.20031011
          2.13000000          3.98245735          0.36440202         -0.17734544         -0.28273617         -3.97850664         -0.22988929
          2.13000000          4.06696771          0.36184088         -0.07734544         -0.25290218         -4.06623217         -0.25878430
          2.13000000          4.16648707          0.36183391          0.04608677         -0.21266622         -4.16623217         -0.29274025
          2.13000000          4.24655969          0.36409056          0.14608677         -0.17850935         -4.24404616         -0.31732688
          2.23000000          0.16012918          0.22806823         -0.12506540         -0.22742557          0.10000000          0.01710924
          2.23000000          0.18746034          0.24596343         -0.18513372         -0.24586894         -0.02944292          0.00681739
          2.26462430          0.36934791          0.19889688          0.00998211         -0.19416146          0.36921300          0.04314274
          2.23077458          0.30445533          0.20689409         -0.04211929         -0.20396221          0.30152780          0.03470703
          2.23077458          0.50363542          0.19731866          0.03492564         -0.18676798          0.50242296          0.06365829
          2.19795764          0.43770018          0.20160534         -0.01695658         -0.19505845          0.43737161          0.05095994
          2.22572635          0.71729859          0.19665636          0.14311044         -0.16879152          0.70287742          0.10091158
          2.23842001          0.75337059          0.30562455         -0.09949999         -0.30184941         -0.74677105         -0.04788844
          2.27736669          0.79591639          0.28519709          0.00214562         -0.28338702         -0.79591349         -0.03208079
          2.18954391          0.83106955          0.20282693          0.19029011         -0.16270251          0.80899090          0.12110598
          2.23842001          0.88470246          0.31263783         -0.07516311         -0.31154993         -0.88150380         -0.02605863
          2.27736669          0.80250920          0.28582407          0.00214562         -0.28408031         -0.80250634         -0.03152421
          2.23000000          1.03447173          0.35627111         -0.16957890         -0.35625873         -1.02047771          0.00296897
          2.23000000          1.58051405          0.37424715         -0.18246953         -0.32269560         -1.56994571          0.18954808
          2.23000000          1.66592154          0.36903467         -0.18246953         -0.31329291         -1.65589838          0.19502345
          2.23000000          3.95137649          0.35441463         -0.14438683         -0.27505573         -3.94873760         -0.22350408
          2.23000000          4.03774595          0.35241322         -0.04438683         -0.24608093         -4.03750197         -0.25226821
          2.23829898          4.15056700          0.35140598          0.10592925         -0.19608888         -4.14921504         -0.29160815
          2.21049830          4.22300424          0.35624708          0.17654875         -0.16983995         -4.21931219         -0.31315550
          2.37154050          0.19075584          0.21564924          0.00361059         -0.21260337          0.19072166          0.03611652
          2.33492430          0.12772457          0.22647377         -0.05673318         -0.22459467          0.11443300          0.02911360
          2.33484126          0.19287026          0.25690873         -0.16365815         -0.25659627         -0.10205365          0.01266673
          2.33492430          0.30270438          0.20325820          0.02666327         -0.19880076          0.30152780          0.04233385
          2.30487383          0.23637814          0.21018564         -0.01534300         -0.20752574          0.23587966          0.03333266
          2.37140209          0.31295276          0.27398314         -0.19355127         -0.27398309         -0.24592140          0.00016399
          2.33930178          0.53439898          0.18587064          0.12734923         -0.17244521          0.51900332          0.06935811
          2.35211680          0.55709061          0.28657597         -0.13667427         -0.28379824         -0.54006489         -0.03980383
          2.31216963          0.66075234          0.18571992          0.17142052         -0.16355678          0.63812904          0.08798334
          2.32327008          0.64925475          0.28694705         -0.08200456         -0.28386333         -0.64405511         -0.04195497
          2.33000000          0.75025588          0.27422282          0.02278134         -0.27275874         -0.74990993         -0.02829878
          2.33000000          0.92156589          0.31356029         -0.06606248         -0.31352640         -0.91919500         -0.00460998
          2.33000000          0.81951170          0.28086395          0.02278134         -0.27993281         -0.81919500         -0.02285123
          2.33000000          1.03551448          0.35509210         -0.16606248         -0.35453357         -1.02211227          0.01990854
          2.33000000          1.56674986          0.37423843         -0.17442505         -0.32803441         -1.55701028          0.18013281
          2.32868213          1.71968720          0.36714750         -0.17561527         -0.31281590         -1.71069674          0.19220692
          2.36113688          1.82079886          0.36454165         -0.19345872         -0.31076454         -1.81049226          0.19056762
          2.33483501          3.93265063          0.34511724         -0.09083296         -0.26391104         -3.93160150         -0.22238901
          2.37139168          3.99538899          0.34275353          0.00523999         -0.23883943         -3.99538556         -0.24583675
          2.30472501          4.01514180          0.34653585         -0.01805494         -0.24176144         -4.01510121         -0.24827102
          2.33483501          4.07948670          0.34474756          0.08314399         -0.21023253         -4.07863934         -0.27322731
          2.43000000          0.16030803          0.22129073          0.01585182         -0.21742524          0.15952236          0.04118070
          2.43000000          0.06770189          0.23572496         -0.03225885         -0.23287955          0.05952236          0.03651533
          2.43000000          0.14256627          0.25365674         -0.10161270         -0.25268068         -0.10000000          0.02223099
          2.43000000          0.30993687          0.20194143          0.07785153         -0.19541036          0.30000000          0.05094245
          2.42188980          0.34118458          0.27065695         -0.14770975         -0.27059835         -0.30755284         -0.00563202
          2.43000000          0.49431162          0.18372026          0.16199971         -0.17108957          0.46701185          0.06694397
          2.41582874          0.48786998          0.26869322         -0.07852603         -0.26730533         -0.48150886         -0.02727467
          2.44850781          0.55794406          0.25002198          0.04298010         -0.24867908         -0.55628616         -0.02587868
          2.38184114          0.60397565          0.26417119         -0.00334094         -0.26206343         -0.60396641         -0.03330429
          2.42110468          0.68667832          0.25408434          0.07671284         -0.25303810         -0.68237985         -0.02303416
          2.43000000          0.94564307          0.31533875         -0.06235808         -0.31481860         -0.94358480          0.01810461
          2.43000000          0.84598310          0.27038618          0.06365598         -0.27033881         -0.84358480         -0.00506107
          2.43000000          1.03791592          0.35403702         -0.16235808         -0.35202402         -1.02513868          0.03770009
          2.43000000          1.55507224          0.37489188         -0.16830722         -0.33370001         -1.54593737          0.17084563
          2.43000000          1.70665281          0.36805555         -0.15054504         -0.31475685         -1.70000000          0.19076952
          2.43000000          1.83752568          0.36601766         -0.18223782         -0.31316651         -1.82846657          0.18946151
          2.44927447          3.78737278          0.34453351         -0.18354102         -0.29219817         -3.78292285         -0.18254744
          2.42156468          3.86670431          0.34227156         -0.11012461         -0.27342570         -3.86513581         -0.20588396
          2.43000000          3.98032112          0.34149142          0.02266688         -0.23749113         -3.98025658         -0.24538613
          2.43000000          4.06589220          0.34358245          0.12266688         -0.20441235         -4.06404136         -0.27616026
          2.53103417          0.09966737          0.23045059          0.03535762         -0.22545774          0.09318489          0.04771038
          2.49839028          0.02503303          0.24103774         -0.01198999         -0.23748303          0.02197482          0.04124326
          2.51740507          0.10536178          0.24787882         -0.03318289         -0.24616194         -0.10000000          0.02912403
          2.56740507          0.10029657          0.24325402          0.00770731         -0.24114892         -0.10000000          0.03193301
          2.53433228          0.34466322          0.19926592          0.14136690         -0.18931060          0.31433761          0.06219650
          2.51405911          0.30258582          0.25231235         -0.03947373         -0.25231187         -0.30000000          0.00049228
          2.56405911          0.30073321          0.24126598          0.02098722         -0.24125905         -0.30000000          0.00182819
          2.50388713          0.46297874          0.18457193          0.18515352         -0.17203810          0.42434360          0.06685574
          2.49392899          0.42344344          0.25291832         -0.02037778         -0.25228027         -0.42295282         -0.01795388
          2.52884691          0.51106367          0.23359979          0.10124568         -0.23288428         -0.50093451         -0.01826952
          2.50227325          0.72147537          0.23218126          0.17471893         -0.23186815         -0.70000000         -0.01205396
          2.53000000          0.96028317          0.31646927         -0.05705113         -0.31388092         -0.95858695          0.04039266
          2.52755971          0.85873927          0.25681126          0.11398709         -0.25657921         -0.85114045          0.01091475
          2.53000000          1.04343676          0.35303582         -0.15705113         -0.34856311         -1.03154991          0.05601833
          2.53000000          1.54429672          0.37617018         -0.16395758         -0.33953895         -1.53556839          0.16191758
          2.53000000          1.70500823          0.36962263         -0.13058737         -0.31744885         -1.70000000          0.18933333
          2.53000000          1.86089663          0.36945558         -0.16662979         -0.31755964         -1.85342138          0.18882083
          2.53000000          3.76454910          0.34319911         -0.16120777         -0.29124054         -3.76109585         -0.18156150
          2.53000000          3.85489901          0.34057365         -0.06120777         -0.26828581         -3.85441305         -0.20979308
          2.53000000          3.95476947          0.34030370          0.05309458         -0.23598785         -3.95441305         -0.24518634
          2.53000000          4.04219891          0.34342692          0.15309458         -0.20338491         -4.03929871         -0.27672483
          2.63000000          0.13659110          0.22553851          0.09304370         -0.21849458          0.10000000          0.05592616
          2.63000000          0.11618090          0.23392153          0.05914390         -0.23149933         -0.10000000          0.03357596
          2.63000000          0.30849578          0.20690059          0.16292144         -0.19518532          0.26196612          0.06863340
          2.63799560          0.33730022          0.22115989          0.11892406         -0.22115980         -0.31563984          0.00020024
          2.60999266          0.47327363          0.21793396          0.15951126         -0.21752940         -0.44558286         -0.01327293
          2.63000000          0.97076242          0.31728555         -0.04846559         -0.31108477         -0.96955184          0.06242101
          2.63000000          0.89157649          0.26470636          0.10000000         -0.26206497         -0.88595070          0.03730158
          2.63000000          1.05599854          0.35208536         -0.14846559         -0.34408105         -1.04550987          0.07464805
          2.63000000          1.53315885          0.37783743         -0.16096074         -0.34528297         -1.52468610          0.15343009
          2.63000000          1.70369606          0.37143105         -0.11216170         -0.32043134         -1.70000000          0.18784244
          2.63000000          1.88433106          0.37322969         -0.15120096         -0.32196000         -1.87825499          0.18879131
          2.63000000          3.73783876          0.34329056         -0.13235827         -0.29123106         -3.73549459         -0.18174949
          2.63000000          3.82842173          0.34079413         -0.03235827         -0.26902979         -3.82828498         -0.20919753
          2.63884465          3.94354924          0.33991572          0.10748615         -0.22856327         -3.94208413         -0.25159796
          2.61140776          4.02161037          0.34337335          0.17914358         -0.20278329         -4.01761839         -0.27709961
          2.73480113          0.19226834          0.21648519          0.16675447         -0.20745527          0.09570821          0.06187203
          2.73491018          0.18383727          0.21471679          0.15831129         -0.21179285         -0.09345414          0.03531411
          2.70466855          0.29114696          0.21084170          0.18429578         -0.19777716          0.22539215          0.07306447
          2.70485030          0.31026499          0.20990896          0.17022381         -0.20975105         -0.25939973          0.00814056
          2.73000000          0.98007152          0.31801783         -0.03511137         -0.30661152         -0.97944238          0.08440805
          2.73000000          0.91089408          0.26969502          0.10000000         -0.26275669         -0.90538833          0.06078098
          2.73000000          1.08574542          0.35162612         -0.13511137         -0.33897068         -1.07730592          0.09348694
          2.73000000          1.51996308          0.37949492         -0.15870728         -0.35059040         -1.51165464          0.14526791
          2.73000000          1.70257610          0.37252562         -0.09362364         -0.32268971         -1.70000000          0.18613620
          2.72678387          1.92164381          0.37629890         -0.14260994         -0.32648098         -1.91634479          0.18711236
          2.75797312          2.01917120          0.38072284         -0.19112809         -0.33757115         -2.01010507          0.17605567
          2.73187083          3.72709979          0.34463304         -0.08704502         -0.28895163         -3.72608320         -0.18782674
          2.76645138          3.79416379          0.34324234          0.00701614         -0.27067816         -3.79415730         -0.21106548
          2.69978471          3.81013722          0.34169844         -0.01174169         -0.26997206         -3.81011913         -0.20945860
          2.73187083          3.87658481          0.33997615          0.08420969         -0.24411302         -3.87567008         -0.23662759
          2.78470660          0.19701726          0.21194877          0.19527004         -0.20460484          0.02618034          0.05530949
          2.78470660          0.19655331          0.21050696          0.19527004         -0.20497611         -0.02242356          0.04793717
          2.83000000          0.99079630          0.31912137         -0.01608355         -0.30074107         -0.99066575          0.10673919
          2.83000000          0.92858312          0.27659680          0.10000000         -0.26339232         -0.92318287          0.08444097
          2.82014293          1.12629566          0.35240111         -0.12071195         -0.33538375         -1.11980826          0.10818635
          2.83629853          1.31260083          0.37792873         -0.18144128         -0.36135463         -1.30000000          0.11069308
          2.82489590          1.49062239          0.38125807         -0.16245568         -0.35706079         -1.48174332          0.13366117
          2.83000000          1.70155695          0.37186353         -0.07277399         -0.32317525         -1.70000000          0.18395717
          2.83000000          1.90211344          0.37314042         -0.08964116         -0.32006626         -1.90000000          0.19181075
          2.83000000          2.03615354          0.37984111         -0.17330188         -0.33662068         -2.02876507          0.17597096
          2.84797576          3.59312822          0.35604929         -0.18797117         -0.31766323         -3.58820808         -0.16081409
          2.82078546          3.66673138          0.34981790         -0.11278270         -0.30065350         -3.66499647         -0.17882962
          2.83000000          3.78093012          0.34455951          0.02454693         -0.27017707         -3.78085044         -0.21383545
          2.83000000          3.86450407          0.34075820          0.12454693         -0.23963550         -3.86249657         -0.24226222
          2.88631352          0.99794951          0.32023753         -0.00338934         -0.29711090         -0.99794376          0.11948720
          2.92378811          0.95276526          0.28993492          0.08589796         -0.26860049         -0.94888523          0.10916060
          2.92378811          1.09274685          0.33544506         -0.04331658         -0.31215415         -1.09188798          0.12281357
          2.95298018          1.01986067          0.32150200          0.00982993         -0.29403452         -1.01981330          0.13002784
          2.93000000          1.30745973          0.36871572         -0.13946665         -0.35047634         -1.30000000          0.11453219
          2.93000000          1.50662038          0.37976574         -0.14108496         -0.35415771         -1.50000000          0.13709243
          2.92552946          1.71235382          0.36859803         -0.04508792         -0.31965243         -1.71176011          0.18353974
          2.95588243          1.78630725          0.36023048          0.01201300         -0.30145203         -1.78626686          0.19721225
          2.92552946          1.90149248          0.36444084         -0.03475412         -0.30977894         -1.90117485          0.19197431
          2.95588243          1.83533072          0.35860332          0.01201300         -0.29967832         -1.83529141          0.19694986
          2.93000000          2.06477536          0.37342256         -0.14030478         -0.33082445         -2.06000288          0.17320391
          2.93000000          3.57678214          0.35976574         -0.17086795         -0.31981133         -3.57269851         -0.16477895
          2.93000000          3.66013714          0.35297338         -0.07086795         -0.29895556         -3.65945100         -0.18765867
          2.93000000          3.75986525          0.34467179          0.05581126         -0.26720625         -3.75945100         -0.21771418
          2.93000000          3.83832923          0.33935745          0.15581126         -0.23691929         -3.83516546         -0.24296651
          3.03000000          0.95139081          0.28648160          0.12566535         -0.25794555         -0.94305498          0.12464270
          3.00768000          1.15336411          0.33746925         -0.02239644         -0.31035523         -1.15314663          0.13253349
          3.03660800          1.09212917          0.32554459          0.02295145         -0.29433758         -1.09188798          0.13908512
          3.03660800          1.28491235          0.35455473         -0.07381695         -0.33244780         -1.28279024          0.12323764
          3.07434666          1.20465715          0.33689850          0.00403196         -0.30720882         -1.20465040          0.13828716
          3.03000000          1.50506811          0.37737547         -0.12340996         -0.35190153         -1.50000000          0.13629950
          3.03000000          1.66854661          0.36811405         -0.04793610         -0.32588997         -1.66785788          0.17118318
          3.03000000          1.76817228          0.35239913          0.03334262         -0.29675338         -1.76785788          0.19005940
          2.99372681          1.96867310          0.35571259         -0.01379862         -0.30320338         -1.96862474          0.18600849
          3.02823609          1.90164206          0.34473865          0.04215111         -0.28804513         -1.90117485          0.18940628
          3.02876319          2.10570409          0.35984027         -0.09819222         -0.31919465         -2.10341342          0.16613185
          3.06039348          2.02190258          0.33906050          0.02579504         -0.28817625         -2.02173803          0.17865182
          3.06379957          2.22581587          0.36789647         -0.18258583         -0.33685658         -2.21831438          0.14790353
          3.03000000          3.55482079          0.36119183         -0.14530949         -0.31967758         -3.55184966         -0.16812431
          3.03000000          3.63619905          0.35354045         -0.04530949         -0.29819093         -3.63591675         -0.18992897
          3.03295842          3.74596873          0.33931617          0.10922115         -0.25585116         -3.74437611         -0.22288034
          3.00159736          3.81813781          0.33635382          0.18203525         -0.23282983         -3.81379594         -0.24274299
          3.13000000          0.96385041          0.29043760          0.15009595         -0.25283585         -0.95209182          0.14292667
          3.13000000          1.10255606          0.31874415          0.07503244         -0.28100174         -1.10000000          0.15045216
          3.13000000          1.32629539          0.35493539         -0.05914401         -0.33217152         -1.32497602          0.12506481
          3.13000000          1.22522980          0.33396928          0.02493650         -0.30293628         -1.22497602          0.14058837
          3.13000000          1.50321698          0.37233794         -0.09829185         -0.34656233         -1.50000000          0.13612529
          3.13000000          1.64645314          0.36458324         -0.03914784         -0.32647563         -1.64598766          0.16227941
          3.13000000          1.74728629          0.33887130          0.06735322         -0.28767360         -1.74598766          0.17910236
          3.13554454          1.90600692          0.31109056          0.14935960         -0.25206641         -1.90014581          0.18231802
          3.13000000          2.16578393          0.33607438         -0.03792855         -0.29876991         -2.16545179          0.15389129
          3.13554454          2.06220794          0.31161588          0.09547702         -0.26189430         -2.05999653          0.16886631
          3.13000000          2.26498268          0.35034898         -0.13792855         -0.32198523         -2.26077912          0.13809388
          3.13590851          3.53939509          0.35515361         -0.09233593         -0.31087871         -3.53819045         -0.17172220
          3.17318085          3.59516429          0.34499827          0.00727569         -0.28867307         -3.59515692         -0.18892239
          3.10651418          3.61565607          0.35092248         -0.02055989         -0.29488403         -3.61559761         -0.19023668
          3.13590851          3.66768537          0.33662001          0.08436542         -0.26547149         -3.66671494         -0.20697324
          3.23000000          0.99358716          0.29695383          0.18076365         -0.24730328         -0.97700560          0.16438573
          3.23000000          1.10978012          0.30864540          0.14700994         -0.26219079         -1.10000000          0.16284339
          3.23000000          1.36008511          0.35268408         -0.03692239         -0.32869129         -1.35958385          0.12785967
          3.23000000          1.26132471          0.32691073          0.06624629         -0.29345935         -1.25958385          0.14405636
          3.23000000          1.50127931          0.36349194         -0.06196434         -0.33704408         -1.50000000          0.13611642
          3.23000000          1.62549296          0.35859788         -0.02504195         -0.32440482         -1.62530005          0.15282000
          3.22702259          1.73816743          0.32081917          0.11441628         -0.27317332         -1.73439757          0.16822985
          3.19170432          1.84346586          0.30117453          0.19069381         -0.24210135         -1.83357635          0.17914528
          3.18080712          2.19886476          0.32141257         -0.00131891         -0.28565184         -2.19886436          0.14733997
          3.20341001          2.16100712          0.29564589          0.10000000         -0.25425132         -2.15869215          0.15087332
          3.21509749          2.31992543          0.32676152         -0.08131097         -0.30188024         -2.31850006          0.12506563
          3.25341001          2.23564902          0.28490436          0.10000000         -0.24942381         -2.23341142          0.13768899
          3.25603156          2.50577187          0.33296452         -0.16997845         -0.32142794         -2.50000000          0.08688758
          3.27865422          2.61256658          0.33353936         -0.19866824         -0.32764755         -2.60500193          0.06241465
          3.25836188          3.37513118          0.35669980         -0.17811863         -0.33052479         -3.37042790         -0.13411977
          3.22701713          3.46392651          0.35071460         -0.10687118         -0.31402809         -3.46227749         -0.15616366
          3.23000000          3.57207569          0.33232763          0.04567164         -0.27628971         -3.57178371         -0.18467715
          3.23000000          3.63552805          0.31883805          0.14567164         -0.24710279         -3.63260842         -0.20148923
          3.28172452          1.01685410          0.30138800          0.19861414         -0.24457212         -0.99726861          0.17612270
          3.28716033          1.11685393          0.30238284          0.19329437         -0.25024975         -1.10000000          0.16973639
          3.30339245          1.38422035          0.34909158         -0.01603226         -0.32409589         -1.38412750          0.12971809
          3.32894086          1.30546761          0.32001982          0.10001174         -0.28546401         -1.30163103          0.14464779
          3.31413610          1.50013637          0.35241725         -0.02022712         -0.32517142         -1.50000000          0.13587297
          3.36413610          1.50003464          0.34372739          0.01019350         -0.31591992         -1.50000000          0.13543678
          3.30212235          1.60999732          0.35272404         -0.01093723         -0.32129316         -1.60996017          0.14555051
          3.33327341          1.66737515          0.32405929          0.08360773         -0.28742277         -1.66527765          0.14967490
          3.29905327          2.37444042          0.30417411         -0.02796969         -0.28222231         -2.37427568          0.11345686
          3.33143196          2.33505984          0.27185930          0.09779032         -0.24416686         -2.33301125          0.11954090
          3.33143196          2.49595582          0.30489962         -0.07371976         -0.29202552         -2.49486690          0.08766341
          3.36571993          2.42495944          0.28119350          0.02965053         -0.26165422         -2.42477816          0.10298958
          3.33014659          2.68818810          0.32039454         -0.16691322         -0.31743664         -2.68300116          0.04343551
          3.36309205          2.90570212          0.32207409         -0.18194725         -0.32190611         -2.90000000         -0.01040079
          3.36680989          3.10534818          0.33060683         -0.18217383         -0.32470248         -3.10000000         -0.06220269
          3.33992579          3.31846600          0.33334832         -0.11418977         -0.31135309         -3.31650076         -0.11908129
          3.37798347          3.39591110          0.31281789          0.00530141         -0.28053979         -3.39590696         -0.13839242
          3.31131680          3.43418005          0.33232039         -0.04478530         -0.29676884         -3.43388802         -0.14954966
          3.33277918          3.50100442          0.30629347          0.09612729         -0.25754725         -3.49968448         -0.16578632
          3.28757488          3.61212978          0.30487576          0.18695316         -0.23390885         -3.60728847         -0.19553997
          3.43000000          1.35563872          0.31085280          0.13509321         -0.27594658         -1.34889072          0.14311864
          3.43000000          1.50125479          0.32782726          0.06136730         -0.29910768         -1.50000000          0.13418386
          3.43000000          1.65505711          0.30750881          0.12627408         -0.27446484         -1.65023299          0.13867487
          3.39798413          2.38271765          0.24745805          0.16298386         -0.22098119         -2.37713686          0.11136785
          3.40345998          2.55828230          0.28637482         -0.02956166         -0.27662765         -2.55811149          0.07407889
          3.43405539          2.49206075          0.25659193          0.09006062         -0.24054639         -2.49043286          0.08931323
          3.43407599          2.70232375          0.28562904         -0.05426397         -0.28278852         -2.70177888          0.04018212
          3.47012665          2.63635383          0.26699553          0.01713738         -0.26088354         -2.63629813          0.05680133
          3.43000000          2.90176068          0.29753077         -0.10106963         -0.29739931         -2.90000000         -0.00884381
          3.43783655          3.10944064          0.29893224         -0.07448528         -0.29252131         -3.10854838         -0.06157736
          3.47639424          3.18093266          0.27948612          0.01090527         -0.26831974         -3.18091397         -0.07821130
          3.40972758          3.26296075          0.30799683         -0.05026091         -0.29040258         -3.26257363         -0.10260794
          3.43908222          3.31901701          0.27948138          0.07477001         -0.25498389         -3.31817471         -0.11442489
          3.40177019          3.43494641          0.28112679          0.13863475         -0.24096138         -3.43214761         -0.14480982
          3.50268138          1.39013629          0.30020610          0.17254583         -0.26464126         -1.37938640          0.14173462
          3.53360883          1.51413412          0.29881069          0.15678749         -0.26860612         -1.50599462          0.13091440
          3.53000000          1.63078596          0.29205449          0.16657499         -0.26339092         -1.62225634          0.12617865
          3.50731823          2.56051266          0.23288244          0.15047072         -0.22005922         -2.55608757          0.07621137
          3.48846282          2.76965299          0.27007307         -0.01091948         -0.26896701         -2.76963146          0.02441738
          3.53122386          2.69823100          0.23938083          0.09772676         -0.23541758         -2.69646065          0.04337907
          3.49370436          2.90006305          0.27217142         -0.01912238         -0.27206457         -2.90000000         -0.00762581
          3.54370436          2.90092958          0.24348685          0.07343333         -0.24340306         -2.90000000         -0.00638744
          3.48980966          3.04761550          0.27612123         -0.01457702         -0.27250905         -3.04758064         -0.04451683
          3.52764659          3.10143470          0.24544467          0.09858346         -0.23910297         -3.09986749         -0.05543332
          3.49881685          3.24365104          0.24699071          0.14423860         -0.22988139         -3.24044245         -0.09032695
          3.58652570          1.58843624          0.28395349          0.19308075         -0.25677684         -1.57665771          0.12122392
          3.58652570          1.61617937          0.28264927          0.19308075         -0.25631932         -1.60460450          0.11912605
          3.59136991          2.76238446          0.21219718          0.17831613         -0.21010512         -2.75662316          0.02972340
          3.59307474          2.90518143          0.21252974          0.17343333         -0.21246334         -2.90000000         -0.00531185
          3.58606307          3.02456174          0.21271113          0.18626164         -0.20998631         -3.01882101         -0.03393782
